Inter-sample gap (us): 50
Inter-average gap (us): 1500
Samples averaged: 20
Format: micros(), A0, A1 
62281599,62283571,32879,33808
62285226,62287199,33704,33926
62288852,62290823,33392,34281
62292477,62294450,33081,32458
62296105,62298078,33863,34027
62299732,62301703,33039,33580
62303356,62305328,33757,32996
62306981,62308952,33290,33225
62310605,62312579,33678,33675
62314231,62316203,33207,34663
62317857,62319829,33722,33466
62321483,62323456,33248,34040
62325111,62327084,33560,33763
62328738,62330709,32869,34272
62336346,62338315,32732,33766
62339968,62341941,33059,34603
62343594,62345567,33820,34277
62347220,62349189,33198,33723
62350842,62352814,32451,33059
62354467,62356438,32932,33423
62358093,62360065,33193,34131
62361717,62363691,32194,34565
62365344,62367315,33078,32786
62368968,62370941,32315,33751
62372593,62374566,33447,33786
62376220,62378189,32982,33056
62379842,62381812,33409,33078
62383465,62385436,33278,33938
62387092,62389065,33742,33675
62390718,62392691,33502,34650
62398216,62400186,33037,34179
62401839,62403809,33547,33489
62405462,62407435,33286,33600
62409090,62411065,33372,34508
62412718,62414691,33597,34503
62416344,62418315,33255,34368
62419968,62421941,33596,33254
62423594,62425567,33587,33477
62427220,62429191,33180,34479
62430844,62432816,32992,34465
62434469,62436440,33523,33531
62438095,62440066,33610,33256
62441718,62443692,33176,34466
62445346,62447317,33521,34171
62448970,62450943,33339,33853
62452596,62454569,32716,33265
62456222,62458195,33564,34360
62463725,62465696,33198,33778
62467348,62469319,33591,33666
62470971,62472944,33675,33160
62474597,62476570,33179,34006
62478224,62480197,33028,34597
62481850,62483820,32872,34402
62485473,62487444,33152,33139
62489098,62491071,31616,33740
62492723,62494694,33280,33853
62496348,62498319,33124,33535
62499971,62501944,33262,33926
62503597,62505570,33040,34264
62507224,62509197,32930,34270
62510850,62512820,33411,34550
62514473,62516443,33443,34520
62518098,62520070,33864,34054
62525591,62527565,34065,33937
62529218,62531188,33138,34068
62532840,62534809,31910,34032
62536462,62538435,33687,34632
62540090,62542064,33337,33950
62543717,62545690,33708,33762
62547344,62549315,32913,32848
62550968,62552941,33836,33714
62554595,62556568,32151,33907
62558222,62560195,32977,33619
62561848,62563820,33295,34288
62565473,62567444,33264,34481
62569100,62571073,33820,34377
62572726,62574697,34035,34248
62576350,62578320,33972,33934
62579973,62581946,32473,33773
62583599,62585572,33580,33947
62591089,62593062,33320,34017
62594715,62596688,33987,34545
62598342,62600313,33654,32718
62601966,62603937,33015,33679
62605591,62607565,33207,34509
62609218,62611190,33128,34213
62612843,62614814,33457,33845
62616468,62618438,33926,33535
62620094,62622065,33702,34355
62623718,62625691,33806,33840
62627344,62629315,33114,33899
62630968,62632941,33716,34120
62634593,62636566,33616,33855
62638220,62640191,33301,33426
62641844,62643816,32596,34355
62645470,62647442,33553,33191
62652971,62654943,33376,33969
62656597,62658570,33559,34217
62660224,62662197,33626,33459
62663850,62665822,33567,34834
62667475,62669447,33265,33185
62671102,62673074,33856,33253
62674728,62676700,32533,34364
62678353,62680324,33404,34096
62681978,62683951,32945,34517
62685604,62687578,33599,34169
62689231,62691203,32840,33285
62692856,62694829,33918,33423
62696482,62698455,33038,33929
62700111,62702084,33372,33659
62703737,62705707,33232,34241
62707360,62709332,33673,33238
62710985,62712959,32940,33532
62719841,62721812,33188,33516
62723465,62725436,34131,34435
62727092,62729065,32172,33224
62730718,62732691,33468,34369
62734344,62736315,34029,33893
62737968,62739941,33715,33862
62741594,62743567,32729,33668
62745220,62747191,32869,34056
62748844,62750815,33653,32988
62752469,62754440,33334,32824
62756094,62758065,33377,34007
62759718,62761691,32517,34170
62763344,62765314,32943,33545
62766967,62768938,33885,33901
62770591,62772565,34084,34121
62774218,62776190,34091,34045
62781587,62783558,33642,34422
62785211,62787185,33632,34444
62788837,62790809,33200,33848
62792462,62794436,32493,34201
62796090,62798064,33011,33801
62799718,62801691,32754,33841
62803344,62805315,32416,34471
62806968,62808941,33890,33830
62810594,62812567,32951,33877
62814220,62816191,33514,33245
62817845,62819816,33955,34007
62821469,62823440,33255,34208
62825096,62827067,33033,33304
62828720,62830693,33156,34116
62832346,62834316,33490,33986
62835970,62837943,32924,33994
62839595,62841568,32992,33589
62847060,62849032,33715,34244
62850685,62852656,33375,33342
62854309,62856283,33210,33775
62857936,62859908,33186,33472
62861561,62863534,33542,34533
62865186,62867159,32884,33527
62868813,62870785,33425,34485
62872439,62874411,33211,34242
62876066,62878038,33769,33583
62879691,62881664,33842,34580
62883317,62885288,33282,33893
62886942,62888913,33059,34427
62890567,62892538,33834,33661
62894192,62896163,33834,33734
62897816,62899789,32741,33742
62901443,62903415,31927,33341
62908941,62910913,33508,33783
62912567,62914538,32523,34490
62916192,62918163,33933,34595
62919816,62921790,33224,33920
62923443,62925413,33671,33509
62927068,62929041,33316,33884
62930694,62932667,33462,34026
62934319,62936292,34034,34144
62937946,62939917,33582,34127
62941571,62943542,33645,33640
62945196,62947166,32962,33337
62948820,62950792,33074,34004
62952445,62954414,33053,33411
62956068,62958040,33198,34166
62959693,62961666,33994,34305
62963319,62965292,33990,33933
62966945,62968917,33692,34385
62974506,62976481,33867,33531
62978136,62980107,33820,34336
62981760,62983731,32711,33825
62985384,62987357,33221,34406
62989012,62990985,32993,33894
62992638,62994610,32510,34062
62996263,62998236,33655,33957
62999889,63001861,33255,33745
63003514,63005485,34099,33930
63007140,63009112,33676,34231
63010766,63012738,33568,34509
63014392,63016363,32814,34143
63018019,63019989,33507,33592
63021642,63023614,33544,33182
63025267,63027239,33372,33901
63028892,63030865,34089,33920
63036428,63038400,33622,33209
63040055,63042025,33226,33775
63043678,63045651,33751,34168
63047303,63049276,33544,34043
63050929,63052900,33564,34127
63054554,63056525,33951,34577
63058178,63060148,33518,34069
63061801,63063775,33516,34472
63065428,63067400,33333,34636
63069055,63071027,33575,33508
63072680,63074653,33493,34175
63076306,63078279,33401,34217
63079932,63081903,33399,34589
63083556,63085527,33716,32831
63087180,63089153,33842,34357
63090805,63092776,33266,33784
63094430,63096401,32976,33810
63101914,63103887,33290,34140
63105541,63107512,33479,34329
63109166,63111139,32479,33980
63112791,63114764,32721,33063
63116417,63118388,33119,33946
63120043,63122015,33901,33288
63123668,63125640,33702,33723
63127293,63129264,33701,33814
63130918,63132891,33831,34353
63134544,63136516,33554,33528
63138169,63140141,33534,33448
63141793,63143766,33531,33615
63145419,63147392,33540,33102
63149047,63151018,33360,32829
63152671,63154642,33034,33021
63156295,63158267,32938,33745
63163815,63165788,32288,34198
63167441,63169413,33620,34223
63171068,63173041,33240,34548
63174694,63176667,32836,33631
63178321,63180294,32648,34549
63181947,63183918,33938,33073
63185572,63187543,33656,33329
63189195,63191166,32949,34089
63192819,63194792,33862,33700
63196445,63198415,33565,33278
63200070,63202040,33192,34284
63203693,63205666,33081,33722
63207319,63209292,32170,33123
63210946,63212917,33367,33119
63214571,63216542,34079,33693
63218196,63220167,33683,33650
63221820,63223792,32995,34568
63229323,63231296,33542,33814
63232950,63234921,33078,34015
63236574,63238547,33073,33664
63240199,63242172,33166,33426
63243825,63245797,32868,33077
63247451,63249423,33442,34305
63251077,63253050,33121,34472
63254703,63256677,32667,34048
63258330,63260301,33981,33429
63261955,63263928,33162,32677
63265582,63267556,33320,32359
63269209,63271182,33694,34289
63272835,63274806,33562,33591
63276460,63278433,33865,34151
63280088,63282061,33743,34147
63283714,63285687,32946,33864
63291084,63293056,32810,34641
63294709,63296680,32760,34218
63298334,63300305,33683,34401
63301959,63303930,33896,34167
63305584,63307557,33992,33303
63309211,63311186,33230,33984
63312838,63314807,33305,34039
63316460,63318432,33993,34637
63320087,63322060,34020,33548
63323713,63325686,32830,34617
63327339,63329311,33589,34490
63330964,63332935,33932,33829
63334589,63336560,33261,34511
63338212,63340186,34015,34041
63341839,63343809,33487,34228
63345462,63347436,33573,34165
63349090,63351065,34029,34316
63356549,63358521,33115,34443
63360174,63362145,32485,34004
63363797,63365770,33183,34266
63367424,63369398,32730,32693
63371053,63373025,33631,33568
63374678,63376650,32341,32442
63378304,63380276,33880,34004
63381929,63383901,33708,34197
63385554,63387526,33521,33676
63389181,63391154,33909,34195
63392807,63394778,33246,33838
63396431,63398402,33841,34093
63400056,63402027,33137,33839
63403680,63405652,33154,34531
63407306,63409279,33369,34618
63410932,63412904,33192,33342
63418433,63420404,33076,32638
63422059,63424031,32925,34059
63425683,63427656,32755,34131
63429309,63431282,33550,33538
63432935,63434906,33010,33159
63436560,63438533,33097,34317
63440186,63442159,33412,32364
63443813,63445786,33560,34043
63447440,63449411,34001,34129
63451066,63453038,33066,34474
63454691,63456664,32903,33579
63458317,63460289,33793,34278
63461942,63463913,33242,34312
63465567,63467538,33115,33631
63469190,63471163,32694,34008
63472816,63474789,32893,34466
63476442,63478413,32543,33347
63483946,63485918,33276,32370
63487573,63489544,33886,34204
63491198,63493171,33739,34577
63494824,63496794,33258,34571
63498447,63500417,33928,33754
63502072,63504043,33225,33163
63505696,63507669,33206,33547
63509323,63511296,33555,34265
63512948,63514919,33267,33737
63516572,63518542,33479,33719
63520195,63522165,33708,34024
63523818,63525792,33148,33366
63527445,63529415,33293,34255
63531070,63533042,34008,33710
63534695,63536667,33923,34175
63538321,63540294,33032,33777
63545807,63547777,32769,34516
63549430,63551402,33194,34310
63553057,63555029,32919,33421
63556682,63558655,33238,34064
63560308,63562281,33203,33439
63563934,63565905,33041,34053
63567559,63569532,33225,34591
63571187,63573159,34027,34400
63574812,63576786,33250,33248
63578440,63580411,33690,34645
63582066,63584038,32830,33944
63585691,63587663,32785,33860
63589317,63591288,31486,33614
63592942,63594913,33386,33850
63596567,63598538,33999,33669
63600192,63602163,33310,34150
63603816,63605788,33113,34270
63611304,63613276,33985,34152
63614929,63616900,32792,34247
63618553,63620525,32535,34550
63622178,63624149,32927,33433
63625802,63627776,33401,33713
63629430,63631400,33843,33883
63633055,63635027,33237,34527
63636680,63638652,33216,34466
63640305,63642278,33637,34273
63643931,63645903,33365,33417
63647557,63649529,33105,33027
63651183,63653155,33933,33620
63654808,63656779,33608,34170
63658432,63660400,33458,33524
63662055,63664027,33188,33631
63665680,63667653,34093,34317
63673178,63675149,33209,32432
63676802,63678776,32704,34239
63680430,63682400,33113,33879
63684055,63686027,32150,33817
63687680,63689653,33878,34134
63691306,63693279,33906,33433
63694932,63696904,33569,33854
63698556,63700528,34032,33893
63702182,63704155,34086,34433
63705809,63707780,33384,33427
63709434,63711404,33704,33978
63713059,63715030,33618,33532
63716683,63718656,33258,34334
63720308,63722281,32676,33664
63723935,63725906,33034,33943
63727560,63729533,33310,33526
63731186,63733159,33459,33794
63738681,63740656,33760,34229
63742309,63744281,32775,33999
63745935,63747906,33960,34164
63749559,63751532,32951,33468
63753186,63755159,33775,34587
63756812,63758784,33931,34139
63760436,63762408,33697,34181
63764062,63766033,33710,34575
63767687,63769657,34053,33700
63771310,63773284,32537,34082
63774937,63776907,33080,33868
63778560,63780533,33612,34444
63782186,63784159,33419,33896
63785812,63787785,31959,33168
63789438,63791409,33224,33897
63793064,63795036,32476,33462
63800434,63802405,33945,34169
63804060,63806032,33636,33535
63807686,63809657,33400,33406
63811310,63813284,33331,34035
63814937,63816907,32748,34450
63818560,63820532,33009,33873
63822185,63824158,33272,33780
63825811,63827784,33006,34054
63829438,63831409,33398,34211
63833065,63835036,33234,34146
63836689,63838663,33478,33994
63840318,63842289,33095,34458
63843942,63845913,32612,34208
63847566,63849538,33479,34485
63851191,63853163,33594,34241
63854817,63856790,33243,33457
63858443,63860415,33641,33535
63865911,63867884,32879,33697
63869537,63871508,33258,33695
63873162,63875133,33501,33702
63876787,63878757,33320,33762
63880410,63882383,33562,34179
63884038,63886008,33903,34115
63887661,63889633,34034,33754
63891286,63893259,33752,33722
63894912,63896885,33539,34145
63898539,63900510,33390,34455
63902164,63904135,33238,32976
63905788,63907762,32693,32292
63909415,63911384,32167,34312
63913039,63915010,32872,34577
63916663,63918634,33602,33470
63920287,63922262,33520,33682
63923916,63925889,33037,32475
63931474,63933445,33259,34546
63935100,63937073,33787,34254
63938727,63940698,32438,33749
63942351,63944322,33633,33664
63945975,63947948,33777,33892
63949601,63951574,33162,33794
63953227,63955201,33624,33399
63956854,63958827,33665,33921
63960480,63962453,32974,34118
63964108,63966081,33114,34185
63967734,63969705,33818,33814
63971359,63973329,33241,34524
63974983,63976953,33009,34010
63978607,63980580,34002,34276
63982233,63984205,33689,32705
63985858,63987829,32875,33796
63993359,63995330,33828,33914
63996983,63998954,33547,33677
64000607,64002580,33309,33435
64004232,64006203,33856,32349
64007856,64009828,32654,34110
64011480,64013453,33509,34174
64015107,64017079,34176,33936
64018732,64020703,33924,33803
64022356,64024327,33966,34450
64025980,64027951,33548,33484
64029604,64031577,33322,34377
64033229,64035201,33089,34274
64036854,64038826,33723,33635
64040478,64042451,32921,34546
64044105,64046078,32812,34181
64047732,64049703,32774,34275
64051356,64053327,33254,34277
64058892,64060865,33164,33971
64062517,64064490,33287,34136
64066145,64068116,33219,33803
64069769,64071740,32903,33795
64073394,64075368,32271,33177
64077022,64078994,33891,34582
64080647,64082617,32990,33845
64084270,64086241,33038,33603
64087894,64089866,32763,34037
64091519,64093492,32693,34317
64095147,64097118,34010,34310
64098771,64100744,33931,33736
64102396,64104369,33308,34195
64106024,64107995,33977,33719
64109647,64111618,33491,33817
64113270,64115241,33286,34011
64120750,64122722,33467,33563
64124375,64126347,31931,34143
64128002,64129973,33195,34345
64131625,64133596,33295,33905
64135249,64137220,33223,34067
64138873,64140846,34206,34614
64142499,64144472,32582,34168
64146127,64148100,33271,33034
64149753,64151723,33896,32475
64153376,64155346,33594,33848
64157002,64158973,33025,33601
64160626,64162597,32899,34204
64164249,64166220,32882,34216
64167873,64169846,33224,33979
64171498,64173471,33995,34464
64175126,64177099,34018,34420
64178751,64180723,34005,34177
64186255,64188227,33426,34498
64189880,64191852,33697,33094
64193505,64195478,32629,34177
64197133,64199104,32268,33181
64200757,64202730,32859,34092
64204383,64206355,33636,33791
64208010,64209983,33384,33653
64211635,64213607,32617,33879
64215259,64217230,33054,34099
64218882,64220853,32957,34522
64222505,64224478,33512,33644
64226133,64228103,33799,33511
64229755,64231729,33239,33741
64233382,64235355,33178,33898
64237010,64238983,33608,34043
64240636,64242608,33357,33722
64248137,64250108,33921,34242
64251761,64253732,33493,33447
64255385,64257358,33038,33887
64259013,64260986,34032,33645
64262639,64264610,33890,34117
64266262,64268233,34053,33989
64269886,64271858,33535,34518
64273511,64275482,33164,33672
64277137,64279107,33377,34372
64280760,64282729,32254,33118
64284381,64286354,33085,34193
64288010,64289983,32481,33841
64291636,64293608,32909,33595
64295261,64297232,33103,33690
64298885,64300856,32122,33225
64302509,64304482,33263,33583
64306137,64308107,33730,33499
64313504,64315477,33243,33559
64317132,64319103,32971,33004
64320756,64322729,33913,34174
64324382,64326355,32890,34273
64328010,64329983,32778,32790
64331636,64333608,33523,33275
64335260,64337232,33451,33222
64338884,64340855,33252,33813
64342508,64344481,33350,33880
64346136,64348107,33307,34015
64349759,64351731,32896,34078
64353385,64355358,33631,33076
64357013,64358986,33380,34458
64360640,64362610,33163,33976
64364263,64366235,33384,33814
64367888,64369860,33857,34072
64375380,64377353,33120,33758
64379008,64380978,32099,34265
64382631,64384603,32571,33258
64386256,64388228,33728,33693
64389880,64391853,33303,34643
64393506,64395481,32762,34191
64397135,64399106,33671,34204
64400758,64402731,32817,33783
64404384,64406357,33791,33544
64408012,64409985,33756,34505
64411638,64413608,33405,33605
64415260,64417231,33081,34047
64418884,64420855,32894,34278
64422509,64424481,33932,34091
64426135,64428106,32620,33979
64429760,64431731,33566,34020
64433385,64435358,33322,34197
64440878,64442852,33223,34130
64444505,64446478,33339,34071
64448133,64450103,34005,34045
64451756,64453729,34010,33974
64455382,64457354,31739,34102
64459009,64460982,33303,33854
64462636,64464607,33695,33449
64466260,64468231,33327,34510
64469884,64471855,33769,34301
64473509,64475482,32552,33210
64477137,64479109,33769,32284
64480762,64482733,33323,33748
64484386,64486360,33425,34397
64488015,64489989,33575,34078
64491642,64493612,33631,33870
64495265,64497238,33994,34183
64502768,64504739,33180,34420
64506393,64508364,32256,34155
64510019,64511989,33783,32236
64513642,64515614,33589,33100
64517266,64519239,32668,33857
64520891,64522864,33179,34456
64524517,64526490,33011,33983
64528145,64530116,32518,34404
64531769,64533740,33735,33591
64535393,64537363,33452,34121
64539017,64540989,33288,33487
64542641,64544612,33456,33942
64546265,64548239,33801,33879
64549891,64551864,32854,33441
64553517,64555490,33434,33576
64557145,64559116,32466,34090
64560769,64562740,33164,34095
64568257,64570229,32864,32669
64571882,64573852,32926,33427
64575505,64577478,33247,33958
64579133,64581104,33686,33758
64582757,64584730,32974,34280
64586383,64588355,33661,34541
64590010,64591983,33227,33740
64593636,64595608,33490,32839
64597261,64599231,33755,34404
64600884,64602854,33516,34285
64604507,64606481,33974,34109
64608136,64610107,33579,33855
64611760,64613731,33968,34260
64615385,64617359,32703,33748
64619014,64620987,32199,33661
64622639,64624611,34036,33399
64630127,64632100,33527,33633
64633753,64635723,33303,33893
64637376,64639347,32587,33577
64641002,64642973,33499,33777
64644625,64646597,32775,33443
64648249,64650220,33631,34289
64651872,64653845,32438,34254
64655497,64657470,33233,33453
64659126,64661099,33732,33513
64662751,64664723,33199,33828
64666376,64668347,33184,34132
64670001,64671973,33302,33228
64673626,64675597,33953,34202
64677250,64679220,34044,33799
64680873,64682846,33553,32400
64684499,64686472,33444,34027
64688126,64690099,33378,34123
64695632,64697604,32786,33702
64699257,64701230,32460,33664
64702882,64704853,33750,33714
64706506,64708481,32084,33562
64710135,64712107,33497,33645
64713760,64715731,33640,33500
64717385,64719359,31694,33807
64721014,64722987,33332,33273
64724640,64726610,32301,34480
64728263,64730237,33869,34274
64731889,64733862,32433,34266
64735514,64737485,33416,34203
64739140,64741112,33277,34004
64742765,64744738,33556,33438
64746390,64748361,32680,33204
64750017,64751989,31962,34088
64757515,64759486,33441,34433
64761141,64763112,33229,34562
64764766,64766738,32793,34292
64768391,64770362,33557,33045
64772017,64773990,33524,34618
64775643,64777614,33579,34191
64779266,64781237,32775,34034
64782890,64784862,33058,33986
64786515,64788486,32915,34081
64790140,64792111,33611,32342
64793763,64795735,33988,34330
64797388,64799360,33591,33956
64801015,64802989,32748,34191
64804642,64806612,32365,33683
64808264,64810237,33025,34036
64811890,64813863,33228,33936
64815516,64817489,33676,34085
64822883,64824854,33219,34271
64826507,64828481,33412,34479
64830136,64832107,33373,34104
64833759,64835731,33090,33629
64837384,64839357,33538,34220
64841012,64842985,33279,33660
64844638,64846608,32884,34108
64848261,64850231,33606,33694
64851884,64853854,33735,34177
64855507,64857481,33611,34022
64859136,64861107,33722,34234
64862760,64864731,33081,34558
64866385,64868358,32276,32569
64870013,64871986,33224,33671
64873639,64875610,33573,33681
64877263,64879236,33264,34162
64884755,64886729,32774,34478
64888383,64890355,32346,32652
64892010,64893983,33273,34142
64895636,64897608,33255,34184
64899261,64901231,32956,34144
64902884,64904855,33345,34304
64906508,64908481,33165,34000
64910136,64912107,33741,34129
64913760,64915731,32332,33586
64917385,64919357,33530,34022
64921012,64922985,33922,32357
64924638,64926610,33492,34103
64928263,64930237,33435,34713
64931889,64933862,33200,34166
64935515,64937485,33074,34416
64939139,64941111,34059,34006
64942763,64944734,33854,33599
64950265,64952237,33541,34125
64953890,64955863,33146,34138
64957516,64959489,33383,33790
64961144,64963116,33931,34080
64964769,64966740,33603,34512
64968394,64970368,33309,34547
64972023,64973994,32431,33029
64975647,64977619,33232,33168
64979272,64981243,32693,32996
64982895,64984868,32997,34126
64986521,64988494,33251,33559
64990150,64992121,33548,34131
64993773,64995745,32851,33296
64997398,64999371,33621,33530
65001026,65002997,32827,33352
65004653,65006625,33673,33637
65012154,65014125,33084,33610
65015779,65017753,33408,33474
65019406,65021379,33678,33301
65023034,65025005,33596,34387
65026658,65028631,33342,33725
65030284,65032256,33863,34283
65033910,65035883,33418,33869
65037536,65039506,32176,34545
65041158,65043130,34031,34600
65044783,65046754,33874,34473
65048407,65050382,33770,33064
65052036,65054006,33105,33370
65055659,65057632,31915,33674
65059285,65061258,32860,33719
65062912,65064885,34061,33383
65066539,65068510,33606,32554
65070164,65072135,33675,33289
65077645,65079617,33459,33845
65081270,65083241,33381,34507
65084895,65086868,33435,33973
65088522,65090495,33225,34116
65092150,65094121,33417,34207
65095774,65097746,32902,33514
65099400,65101373,33042,34631
65103028,65105002,33068,34088
65106655,65108627,32053,33527
65110280,65112253,33367,34238
65113907,65115877,33305,34151
65117530,65119500,33724,33686
65121154,65123125,33409,33447
65124779,65126753,33896,33754
65128406,65130379,34107,33773
65132033,65134005,33182,33671
65139514,65141485,33298,34197
65143140,65145111,33069,34260
65146764,65148735,33206,33446
65150389,65152360,33327,33776
65154015,65155987,32905,34509
65157640,65159610,32943,34498
65161263,65163235,33600,33551
65164888,65166861,33813,34503
65168514,65170485,33899,33764
65172140,65174112,32694,34493
65175766,65177739,33133,34055
65179392,65181363,32732,33831
65183018,65184989,32511,33195
65186642,65188612,33046,33413
65190265,65192237,33531,34549
65193890,65195862,34119,32638
65197515,65199486,33444,33031
65205022,65206993,33049,32295
65208646,65210617,32653,34385
65212270,65214241,33248,33412
65215895,65217868,32298,32661
65219522,65221495,33084,33370
65223150,65225121,32251,33825
65226774,65228746,32590,34218
65230400,65232373,33167,34102
65234028,65236002,33169,33794
65237655,65239625,33480,33852
65241278,65243249,31956,33429
65244903,65246876,33360,34723
65248530,65250501,33291,34198
65252154,65254125,33881,34550
65255779,65257753,32728,34171
65259406,65261379,32749,34138
65266912,65268885,33240,34091
65270539,65272510,33045,33855
65274164,65276135,33453,33986
65277788,65279762,33014,33249
65281415,65283386,33244,33640
65285041,65287012,33765,34434
65288665,65290636,33715,33767
65292289,65294262,32723,34592
65295914,65297888,33698,34590
65299541,65301512,34041,32987
65303165,65305139,33253,32251
65306792,65308765,33791,34215
65310419,65312392,32831,33162
65314047,65316017,32251,33238
65317670,65319641,32739,33237
65321295,65323265,33481,33305
65324918,65326890,33323,34145
65332287,65334262,32678,34330
65335915,65337888,33425,33690
65339540,65341512,33120,34188
65343165,65345138,34012,33870
65346790,65348763,33375,34265
65350417,65352388,32810,34219
65354043,65356014,32639,34446
65357669,65359640,33400,33824
65361293,65363264,33020,33187
65364917,65366890,33506,34029
65368544,65370516,33926,33518
65372170,65374141,32557,33762
65375793,65377766,32975,33984
65379419,65381392,33493,33882
65383047,65385018,33698,33799
65386670,65388642,32625,34148
65394167,65396140,32781,33918
65397794,65399767,32909,34503
65401421,65403394,33505,34232
65405049,65407020,33548,34005
65408674,65410647,33389,34019
65412299,65414272,32328,34099
65415925,65417896,33918,33643
65419550,65421521,33113,33629
65423175,65425146,32981,33885
65426799,65428772,33081,33629
65430425,65432398,33968,34494
65434053,65436023,33350,34531
65437676,65439649,32279,34120
65441302,65443275,33284,33712
65444929,65446900,32899,34188
65448553,65450525,33646,33454
65452179,65454148,34014,34552
65459678,65461651,33431,34291
65463304,65465276,32394,34531
65466929,65468901,33582,33783
65470554,65472524,32147,33673
65474177,65476149,33134,33638
65477801,65479776,33315,33539
65481428,65483400,32069,34028
65485055,65487026,31791,33264
65488680,65490652,33328,34065
65492305,65494278,32587,34270
65495932,65497904,33703,34389
65499557,65501528,32566,34008
65503181,65505154,32810,34462
65506807,65508778,33966,33829
65510432,65512403,33244,32988
65514058,65516030,33068,33914
65521554,65523525,33290,33095
65525179,65527150,33514,34603
65528803,65530776,33173,33419
65532430,65534402,33428,33498
65536057,65538027,33574,33919
65539681,65541656,33072,34297
65543310,65545284,33382,34194
65546938,65548909,33573,33929
65550562,65552534,32940,34630
65554189,65556163,33802,33501
65557817,65559791,33004,33884
65561445,65563415,33705,32972
65565071,65567042,32559,34108
65568696,65570668,33079,32952
65572322,65574296,33130,33340
65575950,65577921,32835,34449
65579575,65581547,33390,33799
65587064,65589035,32759,33898
65590689,65592661,32403,33724
65594315,65596286,32153,34504
65597940,65599911,33283,34103
65601565,65603536,33602,34098
65605189,65607163,33466,33989
65608817,65610790,32994,33756
65612444,65614415,33220,32677
65616071,65618042,33437,34468
65619696,65621669,33408,33481
65623323,65625296,32177,34019
65626950,65628922,33483,33897
65630575,65632548,33399,32572
65634202,65636175,33391,34298
65637829,65639801,33298,34569
65641455,65643426,33380,33938
65648942,65650913,33878,34222
65652568,65654540,33588,33925
65656194,65658165,33950,34114
65659819,65661792,33732,33851
65663446,65665417,33022,34004
65667073,65669044,33573,34213
65670698,65672671,32642,33828
65674326,65676300,33411,34404
65677954,65679926,33010,33982
65681580,65683553,33630,34432
65685206,65687179,32756,34503
65688833,65690805,33265,33882
65692459,65694432,33131,33857
65696088,65698061,33481,34153
65699715,65701688,33590,34329
65703342,65705313,33786,34030
65706967,65708938,32802,33636
65714471,65716443,33226,33890
65718099,65720073,33547,34342
65721728,65723699,33349,33806
65725353,65727324,33873,34038
65728979,65730951,33528,33417
65732605,65734579,33224,34252
65736235,65738205,33382,34166
65739859,65741830,32974,33589
65743484,65745458,33911,33627
65747114,65749087,32899,33144
65750741,65752713,33624,34175
65754368,65756339,33566,34206
65757994,65759967,32659,33514
65761621,65763595,33114,33024
65765249,65767220,32740,34322
65768874,65770847,33630,33186
65776380,65778353,33640,33999
65780009,65781982,32677,32837
65783637,65785608,33367,33339
65787263,65789235,33137,34159
65790890,65792862,32636,34625
65794517,65796489,33359,33657
65798144,65800116,33761,33985
65801770,65803741,32849,33455
65805395,65807369,32765,33664
65809026,65810997,33561,32931
65812654,65814625,33891,33543
65816280,65818252,33539,33318
65819906,65821877,33916,33284
65823533,65825504,33333,33448
65827159,65829130,33632,34006
65830784,65832755,33976,34367
65834409,65836383,33881,33941
65841778,65843751,32594,33652
65845405,65847378,33916,34310
65849034,65851005,33045,34205
65852659,65854631,33676,34154
65856285,65858258,33884,34158
65859912,65861885,33897,34484
65863540,65865511,33037,33690
65867167,65869140,32895,33474
65870795,65872767,33466,33374
65874422,65876395,33560,33733
65878051,65880021,32249,34342
65881675,65883648,32987,33181
65885302,65887275,32274,33077
65888930,65890901,33184,33923
65892557,65894527,32974,33570
65896181,65898153,32757,34189
65899807,65901778,33311,34362
65907295,65909266,33572,33765
65910921,65912892,33331,33618
65914548,65916519,33577,33572
65918173,65920144,33488,33317
65921798,65923771,33211,33374
65925425,65927398,33630,34161
65929055,65931025,33627,34217
65932679,65934652,33397,34341
65936306,65938279,32653,33724
65939934,65941905,33810,34111
65943559,65945530,32685,34195
65947186,65949159,33495,34546
65950813,65952786,32577,34197
65954440,65956411,33310,34258
65958067,65960040,33808,34043
65961694,65963667,32838,34113
65969198,65971172,33733,34070
65972827,65974799,32301,33188
65976454,65978425,33276,33880
65980081,65982052,33448,34116
65983706,65985678,32678,34287
65987332,65989304,33183,34512
65990958,65992930,33520,34174
65994585,65996557,33330,34667
65998212,66000185,33011,33528
66001840,66003811,33568,34250
66005465,66007436,33727,33628
66009093,66011065,32953,34010
66012719,66014693,33601,33727
66016348,66018319,33824,33635
66019973,66021946,32602,34132
66023600,66025573,33874,33819
66027227,66029200,33124,33881
66034746,66036718,33320,33419
66038373,66040345,33375,34339
66042002,66043973,33577,33914
66045628,66047599,33252,33836
66049254,66051225,33361,33792
66052879,66054852,33486,33791
66056506,66058481,33355,34217
66060137,66062107,33173,34398
66063761,66065733,32846,33168
66067388,66069360,33512,33396
66071016,66072989,32438,33274
66074644,66076614,33314,34011
66078268,66080239,33497,34573
66081893,66083866,32888,32575
66085522,66087495,33208,33896
66089152,66091122,33538,33819
66096636,66098608,33046,33712
66100263,66102235,34056,34560
66103890,66105862,33259,34560
66107517,66109489,33521,34522
66111145,66113116,32285,33958
66114770,66116744,31874,34075
66118398,66120371,33485,34009
66122027,66123998,33628,34046
66125654,66127625,33946,33909
66129280,66131253,33255,32821
66132908,66134878,33885,33939
66136532,66138504,32989,33655
66140158,66142129,32965,33557
66143784,66145755,32819,33588
66147411,66149383,33892,33793
66151040,66153011,33684,34099
66154666,66156637,32929,33417
66162157,66164128,33784,33040
66165783,66167754,32803,34631
66169409,66171383,32937,32941
66173039,66175010,33801,33488
66176665,66178636,33092,34033
66180290,66182262,32977,33037
66183916,66185890,33514,33800
66187544,66189515,33031,34553
66191171,66193141,33858,34110
66194795,66196768,33197,34128
66198422,66200396,33491,33633
66202052,66204023,33196,34534
66205678,66207650,33331,34150
66209306,66211279,33456,34057
66212933,66214904,33337,34139
66216558,66218531,33365,33269
66224058,66226029,34002,33252
66227684,66229655,33015,33958
66231310,66233284,32642,33843
66234939,66236909,33902,33693
66238563,66240534,33911,33642
66242188,66244160,33301,33368
66245814,66247787,33870,34009
66249442,66251413,33080,34660
66253070,66255042,33301,33051
66256696,66258668,33580,34100
66260323,66262296,33627,33778
66263951,66265922,33270,33358
66267578,66269550,32975,34213
66271205,66273178,33655,33579
66274833,66276804,33404,34243
66278458,66280428,33010,33631
66282084,66284057,32379,34268
66289597,66291570,33384,33421
66293225,66295199,33319,34492
66296853,66298826,33922,33963
66300480,66302453,33649,32889
66304109,66306081,33286,34477
66307736,66309707,32374,33660
66311361,66313333,33255,33411
66314988,66316961,33586,33923
66318616,66320589,33299,33723
66322243,66324214,33580,33898
66325869,66327839,34071,33779
66329494,66331467,31600,33682
66333124,66335097,32810,33660
66336752,66338724,32771,33033
66340379,66342352,33268,33879
66344008,66345981,33342,34310
66351382,66353355,33450,34132
66355011,66356984,32731,33643
66358638,66360608,33966,34165
66362262,66364233,33841,33237
66365888,66367861,33846,33892
66369516,66371489,33162,33679
66373145,66375116,33893,34255
66376770,66378744,33259,34517
66380398,66382371,33582,33136
66384027,66385998,33827,33210
66387654,66389625,33820,33513
66391280,66393253,33401,33564
66394908,66396879,33375,34602
66398533,66400504,32558,32865
66402159,66404131,33079,33958
66405786,66407757,33510,33800
66409411,66411383,33442,33730
66416884,66418855,32090,34446
66420510,66422481,33248,33593
66424137,66426108,33006,33675
66427762,66429733,32647,33544
66431388,66433361,33782,33749
66435017,66436990,33290,33514
66438645,66440615,33557,33393
66442270,66444241,33589,34025
66445895,66447868,33529,33428
66449523,66451496,33185,33755
66453154,66455125,33896,34088
66456779,66458754,32618,34176
66460409,66462382,33003,33708
66464039,66466010,33197,33875
66467664,66469635,33291,33759
66471291,66473262,33858,33632
66478792,66480765,33514,34136
66482419,66484392,32536,34193
66486049,66488020,32264,34453
66489674,66491647,33439,34420
66493302,66495275,33562,33195
66496929,66498900,32825,34347
66500555,66502527,33133,33870
66504182,66506155,33088,33528
66507809,66509781,33775,33864
66511435,66513407,33839,33847
66515064,66517034,32877,32601
66518689,66520660,33612,33700
66522314,66524285,33120,33395
66525940,66527911,32989,34066
66529566,66531538,33885,33098
66533193,66535163,33796,33686
66536818,66538792,34053,33822
66544323,66546297,33319,34242
66547952,66549924,33196,34169
66551579,66553552,33664,33369
66555206,66557179,33305,33877
66558834,66560805,32192,34004
66562460,66564432,33494,33804
66566088,66568061,33732,34455
66569715,66571688,32442,33505
66573343,66575313,33504,33665
66576967,66578938,32839,33860
66580592,66582566,33080,33630
66584221,66586194,33796,33380
66587848,66589819,33945,33758
66591472,66593444,33264,34177
66595100,66597073,33884,33715
66598727,66600697,33490,33914
66606207,66608180,33354,34178
66609834,66611805,33874,34144
66613459,66615430,33937,33966
66617086,66619059,33928,33946
66620713,66622686,33442,33775
66624340,66626311,33314,33557
66627965,66629936,32600,34037
66631591,66633565,32102,33927
66635220,66637189,33130,34253
66638844,66640815,32597,33901
66642469,66644440,32073,33622
66646097,66648068,32576,33818
66649723,66651694,33903,32267
66653349,66655320,33576,34605
66656975,66658948,32885,34456
66660604,66662576,33058,34073
66664231,66666201,33403,33565
66671718,66673691,33144,34355
66675346,66677317,33800,34476
66678971,66680944,32657,34030
66682598,66684571,33141,32512
66686226,66688199,33014,33735
66689853,66691824,32412,33954
66693478,66695451,32738,34035
66697107,66699079,33285,33923
66700734,66702705,33156,32253
66704360,66706332,32991,34265
66707986,66709960,33706,33900
66711615,66713589,33927,33714
66715244,66717215,33077,34353
66718870,66720842,33123,34297
66722497,66724470,33570,34155
66726126,66728099,32989,33507
66733633,66735604,33272,33519
66737259,66739230,33559,34591
66740884,66742855,33633,33690
66744510,66746481,33787,33822
66748137,66750108,33488,34037
66751764,66753735,32595,33912
66755391,66757361,32408,33461
66759019,66760990,33421,34221
66762645,66764616,33432,33581
66766271,66768242,32943,33501
66769896,66771869,33011,33872
66773523,66775496,33621,33762
66777153,66779124,33122,33236
66780778,66782751,33887,33866
66784405,66786378,33406,33938
66788035,66790007,32723,32962
66791661,66793632,33076,33851
66799166,66801139,32938,33754
66802793,66804766,33408,34020
66806421,66808394,32763,33411
66810050,66812021,33075,33762
66813676,66815649,33742,33888
66817304,66819277,33571,33352
66820932,66822903,33638,34487
66824559,66826532,32604,34215
66828186,66830159,33552,33515
66831814,66833787,33247,34465
66835441,66837412,33210,34569
66839068,66841041,33937,33523
66842696,66844669,33206,33958
66846323,66848296,33479,34656
66849951,66851922,32875,33835
66853577,66855550,33649,33582
66860945,66862917,33444,34498
66864571,66866542,33929,33386
66868197,66870171,32232,34043
66871825,66873794,33625,33388
66875448,66877418,33576,34426
66879075,66881046,33414,33742
66882700,66884673,33662,33871
66886328,66888300,34067,34326
66889954,66891928,33606,34325
66893583,66895557,32300,34675
66897212,66899185,33628,34449
66900840,66902810,31962,34527
66904465,66906436,33564,32829
66908094,66910065,33420,33199
66911719,66913692,32967,33284
66915347,66917318,33629,33994
66918972,66920945,33618,34433
66926439,66928411,33131,34049
66930067,66932041,33928,34522
66933695,66935668,33685,34428
66937322,66939295,32908,33831
66940950,66942920,33524,34393
66944575,66946548,32712,34009
66948203,66950176,33822,33987
66951831,66953803,33997,34013
66955458,66957428,33672,34700
66959084,66961057,32721,33786
66962712,66964682,33817,33145
66966336,66968308,33045,33512
66969962,66971934,33448,34541
66973589,66975560,32683,33046
66977214,66979186,33712,34416
66980840,66982811,33943,34109
66988386,66990360,33601,33536
66992016,66993989,33404,32621
66995644,66997614,33679,33454
66999268,67001240,32826,33624
67002895,67004868,33898,33848
67006523,67008496,33827,34054
67010153,67012124,33348,34060
67013778,67015751,33874,33949
67017405,67019378,33334,33594
67021034,67023006,33542,34252
67024661,67026633,32906,34001
67028287,67030262,33269,33745
67031918,67033891,33563,33607
67035545,67037513,33360,34091
67039169,67041139,33986,33648
67042793,67044766,34085,34395
67046421,67048394,32987,34057
67053979,67055951,33468,33447
67057606,67059580,32917,33444
67061235,67063205,32565,32910
67064859,67066830,33538,34075
67068484,67070459,33136,34151
67072115,67074088,33561,33851
67075742,67077714,33953,33953
67079368,67081339,32568,33786
67082994,67084967,33000,33608
67086621,67088595,32742,34138
67090249,67092220,33519,34321
67093874,67095847,33150,34020
67097502,67099475,32405,33751
67101132,67103103,33172,34398
67104758,67106731,32554,33357
67108385,67110358,33595,34152
67115934,67117905,33242,32639
67119561,67121534,32781,33724
67123190,67125163,32125,34203
67126818,67128791,33843,33753
67130445,67132415,33956,33877
67134071,67136042,33308,34301
67137697,67139670,32427,34662
67141324,67143297,33059,33780
67144952,67146924,32979,33120
67148578,67150551,33579,34421
67152205,67154178,32808,32900
67155833,67157805,33919,34560
67159460,67161433,32105,33236
67163090,67165064,33004,33026
67166719,67168692,32428,33216
67170346,67172317,33085,34500
67173972,67175944,32718,33753
67181517,67183490,32983,34598
67185146,67187118,33848,34553
67188773,67190746,33434,33506
67192401,67194374,33001,33536
67196030,67198003,33072,33498
67199658,67201631,33016,33679
67203287,67205261,33267,33700
67206915,67208888,32358,34108
67210542,67212514,33097,33381
67214169,67216140,33718,33548
67217795,67219767,33167,34382
67221422,67223394,32847,34674
67225050,67227022,32402,33670
67228676,67230649,32644,33249
67232303,67234276,33479,34153
67235930,67237901,32645,32531
67244390,67246360,33640,34027
67248017,67249990,33738,33541
67251645,67253616,33562,34293
67255270,67257241,33624,33652
67258895,67260868,34055,34173
67262522,67264495,33486,33637
67266151,67268121,32616,34347
67269775,67271748,33447,34035
67273403,67275376,33021,33310
67277032,67279004,33404,33670
67280658,67282631,32794,33995
