Inter-sample gap (us): 50
Inter-average gap (us): 500
Samples averaged: 20
Format: micros(), A0, A1 
74561090,74563065,33031,34173
74563720,74565694,33667,34085
74566349,74568320,33105,34138
74568976,74570950,33118,33936
74571605,74573579,32580,34203
74574235,74576203,32607,33186
74576858,74578829,33754,33544
74579485,74581459,33194,33970
74582116,74584087,33368,34050
74584742,74586714,33889,34718
74587369,74589341,33627,33469
74589996,74591969,33776,33768
74592625,74594597,33474,33358
74595252,74597223,33099,33951
74601904,74603875,32872,33861
74604530,74606498,32598,34288
74607155,74609126,33031,34265
74609781,74611754,33601,34197
74612409,74614383,33411,34147
74615040,74617012,33606,33381
74617667,74619639,33585,34074
74620293,74622264,33320,34672
74622919,74624890,32771,34101
74625544,74627516,32971,33657
74628171,74630142,33759,33696
74630797,74632770,33339,33894
74633425,74635398,33227,33981
74636055,74638025,33049,33369
74638680,74640654,33117,33963
74641310,74643284,33243,33455
74647810,74649781,32698,34189
74650436,74652408,34028,34072
74653064,74655035,33462,34104
74655690,74657663,33458,34160
74658319,74660292,33829,34053
74660947,74662918,33400,33955
74663572,74665544,33578,33625
74666199,74668171,33574,33757
74668826,74670798,33139,33952
74671453,74673424,33339,33740
74674081,74676052,33674,34161
74676707,74678679,33361,34617
74679334,74681305,33069,33766
74681961,74683932,33148,33906
74684587,74686558,32945,33314
74687213,74689185,33063,34570
74689840,74691810,32822,34398
74696358,74698330,33328,33742
74698985,74700959,33892,33161
74701614,74703588,34116,34472
74704243,74706214,33193,34167
74706869,74708843,33503,34611
74709498,74711471,33659,34022
74712128,74714101,32867,34258
74714756,74716729,33133,34250
74717383,74719356,33736,34052
74720013,74721986,32955,34274
74722640,74724612,33509,33571
74725267,74727239,32728,34399
74727894,74729867,32534,33631
74730522,74732495,32387,33883
74733152,74735122,32829,32501
74735777,74737750,33755,33481
74742269,74744240,33104,33840
74744895,74746867,33506,34157
74747522,74749496,33345,33448
74750153,74752125,33737,33431
74752780,74754754,33039,34213
74755409,74757382,33352,32956
74758039,74760010,33472,33971
74760665,74762636,33595,33777
74763291,74765262,33186,32871
74765917,74767891,33381,32991
74768546,74770515,33597,33678
74771171,74773142,33245,34161
74773797,74775770,32616,34044
74776425,74778398,32677,33923
74779055,74781025,33508,33042
74781680,74783653,32992,33794
74784308,74786280,32850,34075
74790796,74792769,32973,33608
74793424,74795398,33459,34263
74796055,74798023,33278,34200
74798678,74800651,34048,34231
74801306,74803279,33956,33387
74803934,74805905,32042,34291
74806560,74808533,33066,34656
74809188,74811161,33320,34127
74811816,74813790,33262,34097
74814445,74816416,33322,33687
74817073,74819044,33678,34153
74819699,74821672,34184,33817
74822327,74824300,33893,33908
74824955,74826928,33628,34378
74827583,74829557,33904,33965
74830212,74832185,34060,33289
74836717,74838690,32960,34190
74839345,74841317,33512,34325
74841972,74843945,33366,34489
74844600,74846573,33295,33761
74847227,74849200,32480,33589
74849855,74851828,33763,34081
74852484,74854458,33315,34296
74855115,74857088,33566,34763
74857743,74859714,33061,34620
74860370,74862341,32997,33990
74862996,74864969,32837,33776
74865624,74867595,33230,34534
74868250,74870220,33475,34584
74870875,74872848,33021,33762
74873503,74875476,33096,33153
74876133,74878105,32254,33860
74878760,74880731,33572,33239
74885267,74887239,32717,33753
74887894,74889867,33577,34590
74890522,74892495,33327,33777
74893151,74895122,33084,33577
74895777,74897750,32993,33156
74898406,74900378,33575,34088
74901035,74903006,33588,33947
74903662,74905633,33360,34223
74906288,74908262,33164,33931
74908917,74910891,33786,32747
74911546,74913517,33413,34010
74914172,74916143,33431,33798
74916798,74918771,32430,34266
74919426,74921400,33913,34188
74922057,74924029,33640,34246
74924684,74926655,33148,33186
74931052,74933023,33272,34288
74933679,74935652,33201,34057
74936307,74938280,33414,33637
74938935,74940905,33503,33410
74941560,74943533,33972,34056
74944188,74946162,33529,33375
74946817,74948791,33628,32772
74949446,74951417,33612,33597
74952074,74954046,33642,34106
74954701,74956674,33333,33091
74957329,74959300,33359,33742
74959955,74961928,33422,33713
74962582,74964556,33413,31981
74965211,74967185,33715,33645
74967840,74969812,33941,33964
74970467,74972438,33431,33933
74973095,74975066,32492,33182
74979611,74981582,33565,33501
74982237,74984207,33737,34329
74984862,74986833,33291,33994
74987489,74989459,33251,33731
74990116,74992087,33688,34433
74992742,74994713,33674,33918
74995369,74997340,33166,33686
74997995,74999968,33702,34003
75000623,75002595,33750,33309
75003251,75005222,33184,33966
75005877,75007851,33637,34508
75008507,75010481,33639,33780
75011138,75013108,33439,34550
75013763,75015734,33557,33611
75016389,75018360,33073,34016
75019017,75020989,32901,34137
75025516,75027489,33807,33765
75028146,75030117,34008,34537
75030772,75032745,33583,34432
75033401,75035374,32987,34506
75036031,75038004,33525,33476
75038660,75040632,33471,33585
75041288,75043262,33210,33587
75043917,75045891,33530,34173
75046546,75048517,33133,32876
75049172,75051143,33005,33731
75051798,75053771,33877,34383
75054426,75056398,33414,33611
75057055,75059025,32398,33607
75059680,75061655,32191,33862
75062310,75064284,32101,34218
75064939,75066909,32933,33045
75067564,75069536,33421,34125
75074073,75076044,32766,33711
75076699,75078672,32661,34324
75079327,75081300,32928,33689
75081955,75083928,33510,33789
75084583,75086557,33430,34013
75087213,75089185,33399,34025
75089841,75091811,32871,34505
75092466,75094438,33160,32596
75095095,75097066,33504,32961
75097721,75099694,33980,34222
75100349,75102320,33723,34101
75102976,75104950,32886,34148
75105605,75107579,31845,33599
75108235,75110205,33277,34109
75110860,75112831,33874,32632
75113486,75115459,33663,34413
75119969,75121942,33584,33266
75122598,75124570,33170,34057
75125226,75127199,33971,33574
75127854,75129826,33642,33403
75130481,75132454,32421,33323
75133111,75135084,32675,34512
75135739,75137711,31908,34617
75138366,75140337,33270,34685
75140992,75142965,32621,33793
75143620,75145593,33374,33908
75146248,75148220,33424,33439
75148875,75150848,33843,34102
75151504,75153476,33414,33261
75154134,75156105,32871,32967
75156760,75158731,33107,33712
75159387,75161360,32693,33480
75162017,75163989,33950,34560
75168502,75170475,32672,34378
75171132,75173103,33156,33260
75173758,75175731,32911,33763
75176387,75178360,33487,33374
75179017,75180989,33964,34602
75181644,75183615,32910,34489
75184271,75186243,33443,33418
75186898,75188871,33695,33291
75189526,75191496,33636,33726
75192153,75194124,33341,33646
75194779,75196753,33208,33966
75197408,75199382,32664,33991
75200040,75202010,33393,34424
75202665,75204637,32433,33718
75205292,75207262,33022,33747
75207917,75209891,32916,34148
75214448,75216419,33231,34152
75217075,75219046,33921,33901
75219702,75221674,32832,34117
75222330,75224300,32978,33521
75224955,75226928,33954,34041
75227584,75229557,33666,33964
75230212,75232185,33508,34585
75232841,75234811,32960,33676
75235466,75237437,33569,33796
75238094,75240065,33330,33830
75240720,75242694,32196,34573
75243349,75245320,33489,34605
75245976,75247950,33503,33541
75248605,75250580,33766,33837
75251235,75253205,33776,34513
75253860,75255831,33666,33847
75256487,75258459,32758,34157
75262997,75264969,33758,32485
75265625,75267595,34005,33548
75268250,75270220,32963,33515
75270875,75272848,34101,34221
75273504,75275476,33268,32874
75276134,75278105,33907,33698
75278760,75280731,33959,34310
75281387,75283360,34025,34126
75284017,75285989,33391,33136
75286644,75288614,32908,33493
75289269,75291241,33207,33565
75291896,75293868,33986,34149
75294524,75296497,33317,33064
75297154,75299125,33291,33204
75299780,75301754,33881,34068
75302409,75304382,33705,34316
75308786,75310756,33111,33781
75311412,75313383,33259,33870
75314040,75316012,32991,33563
75316667,75318640,33666,34773
75319295,75321267,33094,33519
75321923,75323894,33196,33354
75324548,75326519,33481,33915
75327175,75329148,33221,34111
75329803,75331776,33919,33192
75332432,75334400,34029,33670
75335057,75337029,33083,33685
75337684,75339655,33572,33467
75340311,75342284,32983,34191
75342939,75344911,32760,34505
75345566,75347538,33722,34370
75348193,75350164,33600,33791
75350820,75352792,33175,33577
75357342,75359313,33200,33651
75359968,75361941,33446,34678
75362597,75364570,32192,33482
75365226,75367199,32768,32954
75367854,75369827,33465,33567
75370482,75372455,33094,33604
75373111,75375084,32966,34252
75375739,75377711,33477,33196
75378366,75380337,33410,33378
75380992,75382964,32936,34478
75383619,75385592,33057,34088
75386246,75388216,32947,33819
75388871,75390844,33343,34572
75391499,75393472,32583,33909
75394129,75396103,33733,34205
75396758,75398731,33538,34174
75403252,75405224,32826,34389
75405879,75407852,33940,34151
75408507,75410481,32789,32738
75411138,75413109,33196,34188
75413764,75415735,32840,34008
75416390,75418361,32787,34633
75419018,75420989,33356,34000
75421644,75423616,33530,33341
75424271,75426242,33685,33830
75426897,75428870,32947,34302
75429526,75431497,32632,33417
75432154,75434125,33617,33651
75434780,75436754,33440,34381
75437409,75439383,32989,34159
75440040,75442012,34001,34239
75442667,75444638,34120,34306
75445294,75447265,32835,33353
75451800,75453773,33303,33335
75454428,75456400,34114,33496
75457057,75459028,33710,34180
75459683,75461656,33299,34365
75462311,75464284,32545,33958
75464939,75466911,32968,33075
75467566,75469537,33743,32710
75470192,75472163,32961,33576
75472818,75474792,33354,34542
75475447,75477417,32169,33927
75478074,75480046,33731,34293
75480701,75482674,33085,33756
75483329,75485299,32622,33946
75485955,75487928,32494,33867
75488584,75490557,33670,34019
75491213,75493185,33514,34171
75497703,75499677,33640,34553
75500332,75502304,32937,34657
75502959,75504930,33345,33413
75505585,75507557,33078,34429
75508212,75510186,32189,33300
75510841,75512811,32710,32446
75513466,75515437,33864,34602
75516095,75518066,33144,34119
75518721,75520693,33757,33202
75521348,75523319,33141,34195
75523974,75525946,33855,34596
75526602,75528575,33145,33861
75529229,75531201,32884,34351
75531856,75533829,33262,34491
75534484,75536458,33566,34183
75537115,75539088,33260,33364
75539743,75541714,31843,33947
75546229,75548203,33972,33829
75548858,75550829,33567,33951
75551484,75553458,33940,34461
75554115,75556088,33116,32916
75556743,75558714,33009,34497
75559370,75561341,32951,34562
75561996,75563968,33547,34111
75564624,75566595,33757,34498
75567250,75569220,33866,33421
75569875,75571848,33635,34495
75572503,75574476,32140,33391
75575133,75577103,33330,33246
75577758,75579731,33187,34327
75580385,75582359,33096,33533
75583016,75584989,33646,33328
75585644,75587616,32465,33904
75592152,75594122,34082,33662
75594777,75596749,33563,34508
75597405,75599377,33034,34184
75600034,75602006,33705,33945
75602661,75604633,33804,33899
75605288,75607262,33204,34180
75607917,75609890,33037,34200
75610545,75612516,33560,33584
75613171,75615142,33581,33341
75615797,75617770,33868,33860
75618425,75620398,33353,32853
75621055,75623027,33422,33856
75623682,75625655,34153,33717
75626310,75628284,33121,33958
75628939,75630909,33407,34110
75631563,75633534,33164,33636
75634188,75636162,33824,33853
75640696,75642669,33680,33406
75643325,75645298,32976,32468
75645953,75647926,33223,32917
75648580,75650553,33125,34061
75651208,75653181,33301,33741
75653836,75655807,33196,34046
75656462,75658434,33538,33347
75659091,75661065,32712,34231
75661720,75663693,33306,33923
75664348,75666319,33368,33306
75666975,75668947,33577,34123
75669603,75671576,32258,33771
75672231,75674203,32920,33991
75674858,75676830,33163,34211
75677485,75679459,33658,33610
75680116,75682087,32847,34521
75682743,75684714,33577,34210
75689106,75691079,32908,33785
75691734,75693705,33851,34108
75694360,75696332,33467,33902
75696987,75698960,33538,33532
75699616,75701589,33324,33881
75702244,75704216,33182,33181
75704871,75706844,33439,33377
75707500,75709473,32799,34566
75710130,75712103,33298,34308
75712758,75714731,33927,33161
75715386,75717360,32836,33791
75718017,75719989,32930,34178
75720644,75722615,33053,34133
75723271,75725242,33699,34155
75725897,75727869,33163,34613
75728526,75730497,33253,34229
75735049,75737020,33173,34117
75737675,75739648,33169,34405
75740303,75742276,33237,34238
75742931,75744904,33302,33358
75745559,75747532,33346,33467
75748186,75750159,33170,34002
75750815,75752788,32156,33598
75753443,75755413,33689,34067
75756071,75758042,32910,33745
75758697,75760669,33459,34265
75761325,75763298,33193,33115
75763953,75765926,32472,33945
75766580,75768553,33897,34125
75769209,75771181,33311,34054
75771837,75773809,32958,34410
75774465,75776435,33557,33533
75777092,75779065,33405,34078
75783655,75785625,33989,33721
75786280,75788253,33737,33835
75788908,75790879,33502,32181
75791534,75793506,33146,33934
75794160,75796131,32986,34109
75796786,75798757,32720,33443
75799411,75801384,33963,34318
75802041,75804013,33565,34067
75804668,75806640,33301,34254
75807295,75809270,33093,34101
75809925,75811896,32653,33488
75812552,75814523,33533,33596
75815179,75817150,33674,33109
75817805,75819778,33368,32896
75820433,75822403,33817,34424
75823061,75825032,33511,34188
75829566,75831538,32703,33709
75832194,75834164,34057,34293
75834820,75836792,33586,33819
75837448,75839419,34032,34308
75840076,75842048,32254,34495
75842703,75844678,33457,34293
75845333,75847303,33669,34551
75847958,75849930,34006,33660
75850585,75852557,33163,34029
75853212,75855186,34028,34332
75855841,75857813,32615,34172
75858468,75860439,32918,34143
75861096,75863067,33418,33787
75863722,75865694,33388,34387
75866349,75868320,32246,33717
75868975,75870950,32976,33841
75871605,75873579,33668,34504
75878102,75880074,33341,33711
75880730,75882701,33570,33836
75883356,75885327,33565,34307
75885982,75887952,33004,34439
75888608,75890579,32651,33691
75891235,75893205,33520,33669
75893860,75895830,32861,34122
75896485,75898459,33224,34208
75899116,75901087,33143,33215
75901743,75903714,33523,33658
75904368,75906339,32551,33366
75906994,75908967,33401,34430
75909621,75911595,32965,33993
75912250,75914220,32850,33553
75914875,75916848,33654,34230
75917503,75919476,33186,34092
75923984,75925955,32812,34008
75926610,75928581,33596,34269
75929235,75931207,33197,34237
75931862,75933833,33503,34271
75934488,75936459,33000,34483
75937116,75939087,32640,33162
75939743,75941714,33573,34027
75942368,75944339,32698,32992
75944994,75946967,33251,34282
75947623,75949595,33313,33920
75950250,75952220,33566,34314
75952876,75954848,33587,34127
75955504,75957477,33327,34688
75958134,75960105,33888,34148
75960760,75962731,33252,32930
75963387,75965360,33341,33872
75966017,75967989,32983,33280
75972523,75974497,33893,34125
75975154,75977125,32802,34277
75977780,75979754,33330,33452
75980409,75982383,33988,33996
75983040,75985012,32796,34065
75985667,75987640,32357,34433
75988295,75990267,33497,34226
75990923,75992894,33432,34589
75993548,75995519,33308,33940
75996175,75998146,33479,32247
75998801,76000775,32548,33268
76001431,76003402,33432,33695
76004059,76006030,33641,34039
76006686,76008656,33272,33727
76009312,76011284,33099,33443
76011939,76013909,33519,33714
76018446,76020417,32896,34294
76021074,76023046,33531,33133
76023701,76025674,33862,33058
76026329,76028300,32413,33999
76028955,76030926,33208,32189
76031580,76033553,33658,33806
76034208,76036181,33979,33835
76036836,76038807,33550,33703
76039462,76041436,33963,34045
76042093,76044065,33954,34474
76044720,76046693,33371,33948
76047349,76049320,33371,33497
76049975,76051948,33682,33872
76052603,76054576,32720,33189
76055231,76057203,32930,33646
76057858,76059829,33355,34310
76060484,76062459,33776,34572
76066868,76068839,33400,34526
76069494,76071466,34074,34242
76072124,76074097,33502,32918
76074752,76076723,32598,34334
76077378,76079351,32899,32535
76080008,76081981,33152,34095
76082636,76084608,33299,33918
76085263,76087235,33811,32955
76087890,76089863,33535,33675
76090518,76092491,33515,33338
76093148,76095119,33193,34431
76095775,76097747,33358,34194
76098402,76100375,33972,34172
76101032,76103005,33324,34041
76103660,76105632,33287,34323
76106288,76108262,33599,34056
76112784,76114755,33225,34309
76115410,76117383,33566,34403
76118040,76120012,33707,33366
76120667,76122638,33708,33604
76123294,76125264,32961,33947
76125919,76127890,32906,34252
76128545,76130517,32267,34232
76131171,76133142,33524,33532
76133798,76135771,33135,34265
76136426,76138398,33430,33972
76139055,76141027,33510,34509
76141682,76143656,33418,34058
76144311,76146284,33209,34584
76146939,76148911,32950,34148
76149565,76151536,33967,34059
76152192,76154163,32852,34270
76154819,76156792,33591,33589
76161324,76163297,32795,34487
76163952,76165924,33076,34249
76166579,76168552,33328,33533
76169207,76171180,33018,34529
76171835,76173807,33086,33400
76174462,76176434,32590,34421
76177091,76179065,33323,33972
76179720,76181693,33269,33723
76182348,76184319,32267,34244
76184974,76186947,32693,33228
76187602,76189575,32939,33471
76190230,76192201,32587,33893
76192856,76194829,33557,33589
76195484,76197459,33256,34229
76198115,76200088,33919,34013
76200743,76202714,33311,34553
76207255,76209226,32939,33663
76209881,76211853,33156,34075
76212508,76214482,33361,34164
76215138,76217109,33144,34103
76217764,76219735,33650,33561
76220390,76222361,33060,33353
76223018,76224989,33172,33407
76225644,76227615,33588,34361
76228271,76230242,32630,33796
76230897,76232870,33009,33406
76233526,76235497,32378,33988
76236154,76238125,32950,33555
76238781,76240754,32438,33559
76241409,76243383,33893,34220
76244040,76246012,33228,33727
76246667,76248640,34092,33967
76249295,76251270,33440,33928
76257156,76259127,32393,33916
76259782,76261754,33258,33281
76262410,76264383,33325,34077
76265040,76267010,33679,34576
76267665,76269636,33862,34463
76270291,76272262,33121,34227
76272917,76274890,32892,33900
76275546,76277517,32602,34221
76278173,76280144,32602,33469
76280799,76282772,32487,32949
76283427,76285398,33689,33324
76286056,76288027,33243,34439
76288682,76290656,33243,34571
76291310,76293284,33689,33750
76293939,76295909,33014,34462
76296564,76298536,33120,33901
76303050,76305021,33009,34056
76305676,76307649,33629,34455
76308304,76310277,33848,34110
76310933,76312904,33779,33431
76313559,76315532,33653,33983
76316186,76318159,33920,33708
76318814,76320787,33524,34289
76321441,76323412,33176,33819
76324069,76326042,33486,34653
76326697,76328670,33244,34049
76329325,76331298,33272,33779
76331953,76333926,33979,33773
76334581,76336554,33146,33405
76337210,76339182,32887,32880
76339838,76341809,33398,34482
76342464,76344436,33628,33341
76345093,76347065,33378,34570
76351595,76353568,33864,34140
76354223,76356197,33450,33967
76356852,76358822,33231,34305
76359477,76361450,32338,33687
76362107,76364080,33476,34395
76364735,76366707,33064,34227
76367363,76369336,33644,34359
76369991,76371964,32635,33716
76372619,76374591,33166,33515
76375246,76377218,33446,32587
76377873,76379846,33068,33455
76380501,76382474,33131,34620
76383131,76385103,32831,34374
76385758,76387731,33114,34254
76388387,76390360,32543,34409
76391018,76392989,33030,32803
76397522,76399495,33191,33742
76400152,76402123,32997,34512
76402778,76404751,32797,33212
76405406,76407379,33066,34109
76408036,76410006,32673,33722
76410662,76412633,32719,33503
76413288,76415262,33419,34084
76415917,76417890,32957,34317
76418545,76420515,33480,34207
76421171,76423142,32653,34032
76423797,76425770,32730,33727
76426424,76428398,33160,33570
76429056,76431027,33467,34485
76431682,76433656,33727,33913
76434311,76436284,33006,32793
76436939,76438909,32846,33324
76439565,76441536,32817,33485
76445925,76447896,33111,34465
76448551,76450523,33338,33716
76451179,76453150,33292,34203
76453805,76455776,33497,34214
76456432,76458400,32723,34010
76459057,76461029,33196,33361
76461684,76463656,33575,34078
76464311,76466284,33564,32594
76466939,76468911,31912,33086
76469566,76471538,33374,33886
76472194,76474164,33824,34258
76474819,76476792,34016,34513
76477448,76479419,33413,33927
76480076,76482049,33437,34073
76482704,76484678,33286,32923
76485333,76487303,32839,33994
76491942,76493913,33558,34169
76494568,76496541,33680,34762
76497198,76499171,33363,34241
76499826,76501798,33906,33578
76502453,76504424,32975,32740
76505081,76507055,33765,34510
76507710,76509682,34031,34294
76510337,76512309,32970,32029
76512965,76514936,32034,33481
76515591,76517565,33682,34025
76518220,76520191,32992,33303
76520846,76522818,33561,33896
76523474,76525445,33627,32713
76526102,76528075,33808,34055
76528730,76530701,33640,33717
76531355,76533326,33750,33827
76533981,76535952,33447,34309
76540481,76542453,33928,33835
76543111,76545083,33902,34716
76545739,76547710,33091,33772
76548365,76550337,33689,34352
76550993,76552965,33291,34244
76553621,76555594,33541,33422
76556248,76558219,32142,33536
76558874,76560847,32376,34142
76561502,76563474,33720,34025
76564132,76566103,33073,33394
76566758,76568731,33646,33104
76569387,76571360,33261,33839
76572017,76573989,33398,33776
76574644,76576614,33389,34210
76577269,76579240,32709,33868
76579896,76581869,33839,33952
76586409,76588383,33238,33784
76589040,76591010,33296,34181
76591666,76593637,33534,33632
76594292,76596263,33904,33202
76596918,76598891,33411,34580
76599546,76601517,33244,34154
76602172,76604144,32267,33337
76604799,76606772,33603,33494
76607428,76609398,33654,33508
76610055,76612027,33291,34099
76612682,76614655,33233,34011
76615311,76617284,33268,34407
76617939,76619909,33171,34040
76620565,76622536,33879,34042
76623190,76625163,33155,34071
76625819,76627792,32842,32983
76628447,76630419,33629,33305
76634950,76636920,33124,33756
76637576,76639549,33738,34406
76640203,76642176,33958,33835
76642831,76644803,34117,33306
76645459,76647430,33695,34515
76648087,76650060,32883,33938
76650716,76652687,33227,33486
76653343,76655315,33216,33747
76655970,76657943,33138,34073
76658599,76660572,33664,34416
76661227,76663201,33354,33887
76663857,76665829,33442,33316
76666485,76668459,33406,34696
76669116,76671087,32640,33612
76671742,76673712,33625,33548
76674366,76676337,33325,33311
76680853,76682827,33396,33774
76683483,76685455,33546,33699
76686113,76688087,33628,34123
76688742,76690713,32535,34217
76691369,76693340,33706,34006
76693995,76695968,33607,33930
76696623,76698596,32714,33337
76699252,76701222,33298,33314
76701877,76703852,32608,34036
76704507,76706481,32278,34617
76707138,76709109,32971,34598
76709764,76711735,32683,33967
76712391,76714362,33540,33641
76715019,76716991,33319,33736
76717646,76719617,33477,34329
76720273,76722245,32337,34287
76722900,76724875,33620,34024
76729398,76731371,33189,34389
76732029,76734002,33538,34023
76734657,76736629,33551,34606
76737284,76739257,33909,34601
76739912,76741886,33586,33496
76742541,76744513,33236,33469
76745168,76747140,34134,33064
76747796,76749768,34020,33998
76750424,76752397,33337,34120
76753054,76755025,33479,34051
76755681,76757655,32854,34108
76758310,76760284,33511,34292
76760940,76762911,32767,33953
76763567,76765538,33566,33518
76766194,76768165,32928,34321
76768820,76770792,33690,33839
76775325,76777299,33690,34080
76777955,76779928,34121,34260
76780584,76782557,33942,34427
76783213,76785186,33750,32219
76785841,76787812,32810,33945
76788468,76790439,32383,34214
76791097,76793068,33864,34000
76793723,76795694,33440,33527
76796349,76798321,33981,33489
76798976,76800951,33286,34667
76801606,76803579,33983,33672
76804232,76806203,33017,33698
76806858,76808829,33407,33172
76809484,76811459,32969,34296
76812115,76814087,32932,33861
76814742,76816712,32563,33867
76817367,76819337,32840,34550
76823737,76825708,33212,33357
76826363,76828336,32553,32863
76828991,76830964,32640,33700
76831619,76833592,33650,33552
76834247,76836218,32698,32505
76836873,76838846,32467,34377
76839501,76841474,33319,33098
76842131,76844103,33738,33917
76844758,76846731,32896,33933
76847386,76849360,33386,33466
76850017,76851990,33183,33171
76852645,76854615,33508,34397
76855270,76857241,33306,34039
76857896,76859869,32386,34122
76860524,76862497,33213,34217
76863154,76865125,33371,33758
76869647,76871619,32617,33403
76872274,76874246,33296,33965
76874901,76876874,33284,34151
76877529,76879500,33917,33793
76880156,76882127,33319,33799
76882782,76884754,33215,34266
76885409,76887382,33200,34176
76888039,76890010,33543,33201
76890665,76892636,33262,33439
76893292,76895263,33907,33337
76895918,76897891,32884,34238
76898546,76900517,33367,33873
76901171,76903142,33467,34215
76903797,76905770,33180,33440
76906424,76908398,33251,34393
76909055,76911025,33028,33499
76911680,76913654,32619,33792
76918183,76920156,33194,32917
76920811,76922782,33597,33113
76923437,76925409,33210,33605
76926066,76928039,33524,34325
76928694,76930667,33311,34099
76931321,76933294,33369,34562
76933949,76935920,34087,34501
76936574,76938547,32995,33407
76939202,76941175,32970,34443
76941830,76943801,33540,34348
76944457,76946428,33982,34090
76947085,76949058,33851,34246
76949713,76951686,33868,33338
76952341,76954312,33121,34470
76954968,76956938,33167,33470
76957593,76959566,32395,33354
76964094,76966065,33791,33234
76966720,76968694,31842,33283
76969349,76971320,32784,33010
76971975,76973948,33494,34049
76974603,76976576,32882,34095
76977231,76979201,33814,34042
76979856,76981829,33056,33830
76982484,76984458,33655,33725
76985115,76987088,32701,34561
76987743,76989714,32892,33974
76990370,76992341,33176,34381
76992996,76994969,33378,33918
76995624,76997595,33319,34227
76998250,77000220,32909,34294
77000876,77002849,34073,34725
77003504,77005477,33282,34512
77006134,77008105,33568,34610
77012612,77014583,32384,33617
77015238,77017209,32707,33748
77017863,77019836,33164,34195
77020491,77022462,33548,34049
77023119,77025089,33226,33818
77025744,77027716,33172,33655
77028370,77030342,33702,34498
77030997,77032969,33114,33712
77033624,77035596,33528,33860
77036250,77038222,33779,33974
77038877,77040850,32798,33245
77041505,77043478,33198,34466
77044135,77046106,33379,34269
77046761,77048732,32688,34368
77049387,77051360,33237,33773
77052017,77053989,33792,33920
77058503,77060476,33459,34243
77061132,77063105,33301,34455
77063759,77065729,33712,33460
77066383,77068356,33066,33134
77069013,77070986,32901,34614
77071640,77073612,33269,33813
77074267,77076239,33289,33169
77076894,77078867,33783,34235
77079522,77081495,33394,33650
77082152,77084122,33260,33559
77084777,77086750,33084,33656
77087405,77089378,33588,34520
77090035,77092006,33923,34676
77092661,77094632,33569,34068
77095287,77097262,33554,33678
77097917,77099891,32658,33406
77100546,77102517,31937,33640
77107060,77109031,32618,33400
77109686,77111657,32823,34498
77112312,77114285,33337,34082
77114940,77116911,33959,34244
77117566,77119538,33671,34158
77120194,77122164,33289,33697
77122818,77124792,32983,33925
77125447,77127415,33168,34484
77128072,77130043,34069,33890
77130698,77132670,33546,33707
77133325,77135298,33085,34303
77135953,77137926,33896,32998
77138581,77140554,33414,34668
77141209,77143182,33203,33362
77143837,77145809,33308,34315
77146464,77148436,33651,33570
77149093,77151065,33393,33888
77155598,77157571,33161,33190
77158226,77160199,32638,34141
77160854,77162827,33565,33155
77163483,77165455,33791,33339
77166112,77168087,33199,33992
77168742,77170712,32706,32834
77171368,77173339,33668,33535
77173994,77175967,32135,33632
77176622,77178595,32824,33422
77179250,77181221,33114,32923
77181876,77183849,33282,34117
77184505,77186478,33450,33119
77187134,77189107,33338,34055
77189762,77191733,33312,33534
77192388,77194361,33498,34197
77195018,77196989,33810,34105
77201390,77203361,32999,33240
77204017,77205989,33642,33905
77206644,77208614,33825,34205
77209269,77211240,33468,33803
77211895,77213868,33533,34330
77214523,77216496,33904,33757
77217153,77219125,33674,34527
77219780,77221754,33326,33273
77222409,77224382,32734,33725
77225039,77227010,33195,34031
77227665,77229636,32609,34431
77230292,77232263,32832,34123
77232918,77234891,33174,34055
77235546,77237517,33226,33677
77238173,77240144,33191,33679
77240799,77242772,33558,33589
77243426,77245398,32709,33800
77249918,77251891,33221,33998
77252546,77254517,32972,33895
77255171,77257142,33662,34268
77257797,77259770,33103,33898
77260426,77262399,33244,34126
77263056,77265027,33649,34169
77265682,77267656,32568,34464
77268311,77270284,32982,34187
77270940,77272911,31868,33415
77273566,77275537,33768,34720
77276192,77278163,33486,33386
77278818,77280792,33539,33088
77281447,77283419,33963,33807
77284075,77286046,33397,34116
77286702,77288674,33931,34397
77289331,77291302,33620,33168
77295888,77297860,33509,33446
77298516,77300489,33026,33491
77301146,77303117,32567,33949
77303773,77305746,33021,33598
77306401,77308374,33494,33439
77309031,77311004,33546,33268
77311660,77313632,33931,34071
77314288,77316262,33922,32827
77316917,77318891,32641,34469
77319546,77321517,33492,33350
77322172,77324143,33471,33710
77324798,77326771,33386,33969
77327426,77329398,33161,33848
77330055,77332027,33390,33851
77332682,77334656,33210,34740
77335310,77337284,31812,34520
77337939,77339911,33639,33847
77344446,77346419,32716,34194
77347075,77349046,33290,33965
77349701,77351674,33116,33751
77352329,77354302,33535,34592
77354956,77356928,31608,34176
77357582,77359556,33570,34598
77360211,77362186,33199,34022
77362841,77364811,33550,34063
77365466,77367436,33748,33547
77368093,77370065,33159,34191
77370720,77372694,32563,34469
77373349,77375321,33738,33986
77375976,77377950,33607,34010
77378605,77380579,33807,33978
77381234,77383205,33284,34044
77383860,77385831,32659,33700
77390350,77392322,33061,33399
77392977,77394951,33243,33519
77395606,77397579,32619,33698
77398234,77400206,32945,33002
77400861,77402832,32446,34225
77403487,77405459,33852,34587
77406116,77408087,32063,33630
77408742,77410712,33077,33694
77411368,77413339,32981,34541
77413994,77415967,33689,33990
77416621,77418594,33122,34280
77419248,77421216,32638,33368
77421871,77423844,33908,33587
77424499,77426472,33689,33877
77427129,77429103,33515,33882
77429758,77431731,33705,34126
77432385,77434359,33569,34160
77438876,77440849,33858,33088
77441504,77443477,33135,33950
77444133,77446105,33131,34218
77446760,77448731,33194,33149
77449385,77451359,33079,33884
77452016,77453989,33689,33980
77454644,77456615,33375,33627
77457270,77459242,33219,34267
77459896,77461869,32517,33497
77462524,77464497,33202,33918
77465154,77467126,32891,33544
77467781,77469754,34048,34532
77470409,77472382,33916,34382
77473039,77475011,33183,33418
77475666,77477637,32717,34031
77478292,77480263,33867,34545
77484804,77486777,32931,33704
77487432,77489403,33548,33527
77490060,77492031,33323,32661
77492686,77494657,33293,33942
77495312,77497284,33049,32515
77497939,77499911,33916,34198
77500566,77502537,33168,33826
77503192,77505164,33163,33875
77505819,77507792,32805,34193
77508447,77510418,33401,34019
77511075,77513046,32994,34508
77513701,77515674,32731,33543
77516329,77518300,33531,34046
77518955,77520928,33567,33905
77521583,77523557,33379,33904
77524212,77526186,33497,33837
77526841,77528812,33646,33568
77533343,77535315,33325,33549
77535970,77537942,33443,33750
77538597,77540570,33206,34205
77541225,77543199,33125,33762
77543854,77545826,33583,34067
77546481,77548454,34021,33767
77549111,77551084,32991,34023
77551739,77553710,33812,34712
77554364,77556337,34060,34480
77556992,77558965,33991,33557
77559620,77561593,33075,34291
77562248,77564219,33209,34238
77564874,77566847,33368,33762
77567502,77569475,33291,34229
77570132,77572103,33145,34213
77572758,77574731,33664,33657
77579131,77581103,33178,33753
77581758,77583731,32921,33095
77584387,77586360,32747,34125
77587017,77588989,33514,33804
77589644,77591615,33191,34207
77592271,77594243,33865,34135
77594898,77596871,33563,34087
77597526,77599496,32698,33684
77600154,77602126,33606,33663
77602780,77604754,33934,34096
77605409,77607382,33163,33811
77608039,77610011,32460,34291
77610666,77612637,33356,33479
77613292,77615263,33806,33847
77615918,77617891,33181,33949
77618546,77620517,33776,34107
77621173,77623144,33314,33415
77627657,77629630,32735,33174
77630285,77632258,32158,33974
77632913,77634886,32951,33863
77635541,77637513,32824,34077
77638168,77640140,33540,34113
77640795,77642768,33457,33703
77643423,77645396,33570,33613
77646053,77648021,33250,34274
77648676,77650649,33088,33227
77651304,77653277,32842,34371
77653932,77655904,33800,33716
77656559,77658532,33333,33822
77659188,77661162,33135,34186
77661818,77663792,33583,34151
77664447,77666419,32878,34044
77667076,77669048,33303,34459
77673580,77675553,33055,33711
77676208,77678181,32468,33784
77678836,77680807,33485,33672
77681462,77683436,32967,33128
77684093,77686065,33384,34000
77686720,77688693,32471,32612
77689348,77691319,33274,33046
77691974,77693947,33554,33936
77694602,77696575,33883,34312
77697230,77699201,33932,34153
77699856,77701829,33668,34455
77702485,77704459,33009,34555
77705116,77707087,33320,34040
77707742,77709712,32818,33701
77710366,77712337,33582,34282
77712992,77714965,34154,33970
77715620,77717593,32942,33926
77722131,77724104,32780,33763
77724759,77726731,33498,33264
77727387,77729360,33958,33017
77730017,77731989,32813,33384
77732644,77734616,33025,33731
77735271,77737243,33743,34210
77737898,77739871,33649,33472
77740526,77742496,33401,34162
77743153,77745124,32920,34043
77745779,77747753,33504,33856
77748408,77750383,32905,33247
77751040,77753010,33313,34570
77753665,77755636,34040,34123
77756292,77758263,33050,34469
77758918,77760890,33621,33159
77761544,77763516,33338,33587
77768031,77770004,32972,33052
77770659,77772633,33182,33845
77773288,77775262,32972,34148
77775917,77777890,33500,34468
77778545,77780517,33577,34205
77781171,77783142,33632,34439
77783798,77785770,33659,33182
77786426,77788398,33018,33811
77789055,77791027,33118,33794
77791682,77793655,33213,34207
77794311,77796284,33749,34703
77796940,77798911,33921,34584
77799565,77801536,32974,34552
77802192,77804163,33592,34290
77804819,77806792,34015,33945
77807447,77809417,32784,32889
77810074,77812046,31751,33065
77816566,77818538,32695,33505
77819194,77821164,33047,33750
77821819,77823792,34121,33002
77824448,77826419,33232,34134
77827076,77829048,33555,34153
77829703,77831677,32869,34078
77832332,77834303,33326,34319
77834958,77836929,32975,34116
77837584,77839557,32787,33443
77840212,77842186,32189,34183
77842841,77844811,33839,33860
77845466,77847438,32906,34048
77848095,77850065,33567,32452
77850720,77852694,33189,33365
77853349,77855320,32423,34096
77855975,77857948,33560,33824
77862480,77864452,32730,33367
77865109,77867082,33278,32684
77867737,77869708,33365,33873
77870363,77872336,33268,33509
77872991,77874964,33326,34528
77875620,77877593,33388,33565
77878248,77880220,32110,33891
77880875,77882848,33780,34301
77883503,77885476,33570,34069
77886133,77888104,32852,33090
77888759,77890731,33207,33838
77891385,77893359,33225,34315
77894016,77895989,32157,34017
77896645,77898616,32794,34542
77899271,77901242,33561,34268
77901897,77903870,33995,33259
77904525,77906497,33248,33153
77911034,77913005,33571,34388
77913661,77915632,33370,33527
77916288,77918262,33122,34387
77918917,77920890,33096,34409
77921545,77923516,33469,33834
77924171,77926142,33289,33455
77926797,77928770,32920,33460
77929424,77931398,33371,32641
77932055,77934027,32508,32642
77934682,77936656,33622,33528
77937311,77939284,33480,33836
77939939,77941910,33569,33398
77942565,77944537,33545,34481
77945192,77947163,32728,33577
77947819,77949792,32264,33913
77950447,77952419,33956,33773
77956815,77958788,32393,33136
77959443,77961415,32887,33659
77962072,77964044,33570,33890
77964699,77966672,32925,34564
77967327,77969300,33626,33529
77969955,77971928,32883,33588
77972582,77974556,33291,33781
77975211,77977186,33530,34246
77977841,77979812,33822,33821
77980468,77982439,33526,33921
77983096,77985067,33703,33116
77985722,77987695,33760,33820
77988350,77990321,33554,34218
77990977,77992951,31588,33552
77993606,77995579,32355,33227
77996234,77998205,33236,33911
77998860,78000831,33938,34122
78005399,78007372,33409,33670
78008029,78010002,33652,34213
78010657,78012629,33426,32446
78013284,78015257,33210,33940
78015912,78017885,33844,31833
78018541,78020512,33252,32969
78021168,78023140,33897,34605
78023795,78025768,33068,34158
78026423,78028396,33729,33508
78029053,78031025,33938,33529
78031680,78033652,33574,34232
78034308,78036280,33656,34522
78036936,78038907,33533,34488
78039562,78041534,33669,33783
78042190,78044163,33686,34199
78044818,78046792,33698,34100
78051376,78053347,33140,34150
78054004,78055975,32972,33935
78056631,78058602,32980,34300
78059258,78061229,33396,34288
78061885,78063856,33147,33939
78064511,78066483,32967,34129
78067140,78069112,33067,32857
78069768,78071739,33686,34409
78072394,78074368,33668,34185
78075025,78076996,32976,34089
78077652,78079623,33235,33543
78080278,78082249,33640,33483
78082904,78084875,33673,33956
78085530,78087500,33335,33885
78088154,78090125,33244,33147
78090780,78092754,33254,34079
78093409,78095382,33593,33475
78099975,78101948,33510,33776
78102603,78104576,33600,34112
78105231,78107201,33310,32683
78107856,78109829,33364,34120
78110485,78112459,33963,33385
78113115,78115087,33120,34329
78115742,78117712,33269,33867
78118366,78120337,33151,33929
78120992,78122965,33647,33467
78123620,78125593,33713,33354
78126249,78128220,32959,34258
78128875,78130848,33862,33376
78131503,78133476,33272,33032
78134133,78136104,33788,34279
78136759,78138731,33127,33410
78139386,78141360,31690,33280
78145880,78147852,33562,33346
78148508,78150481,32925,34036
78151138,78153108,33585,34601
78153763,78155734,33222,33848
78156389,78158360,32585,34331
78159017,78160989,33566,34344
78161644,78163614,33836,33466
78164269,78166239,33362,33202
78166894,78168867,32993,33330
78169522,78171496,33585,33923
78172153,78174124,32463,34655
78174779,78176753,33752,33216
78177408,78179383,33588,33988
78180040,78182010,33921,34519
78182665,78184636,33209,33846
78185291,78187262,33238,34498
78187918,78189891,33931,34372
78194421,78196394,33293,33573
78197051,78199022,33966,34337
78199678,78201650,33429,34138
78202306,78204279,32383,33892
78204934,78206906,33181,33931
78207561,78209534,33752,33437
78210190,78212163,33156,34496
78212819,78214792,32065,33833
78215447,78217417,33065,33441
78218074,78220046,33718,33590
78220701,78222674,32931,33201
78223329,78225300,32315,33324
78225955,78227928,32727,33712
78228582,78230556,32420,33749
78231212,78233186,32824,33912
78233841,78235813,33427,34430
78240347,78242319,33054,33942
78242974,78244946,33507,34041
78245603,78247576,33528,34493
78248231,78250201,32927,34575
78250856,78252829,32335,33062
78253485,78255459,32057,33126
78256116,78258087,33477,34077
78258743,78260714,33243,34188
78261368,78263339,33593,33110
78263995,78265967,33241,33825
78266623,78268595,32829,34083
78269250,78271222,32758,34517
78271877,78273850,33732,33800
78274505,78276478,33706,32792
78277135,78279107,34004,33634
78279762,78281733,34086,34526
78282389,78284360,33659,34754
78288896,78290869,33498,33877
78291525,78293497,33587,33200
78294154,78296125,33381,34020
78296781,78298754,33281,32683
78299409,78301383,33630,33723
78302040,78304011,33401,33889
78304666,78306638,33261,34082
78307294,78309265,34077,32869
78309920,78311891,33207,33752
78312547,78314517,32885,33431
78315173,78317144,33510,33706
78317799,78319772,33137,34536
78320426,78322398,32454,34037
78323055,78325025,33460,34566
78325681,78327655,33817,34040
78328311,78330284,34045,34651
78334678,78336651,32675,34437
78337306,78339279,33049,33645
78339934,78341905,32838,33975
78342560,78344533,33578,34317
78345188,78347163,32540,33393
78347818,78349792,33455,33668
78350447,78352419,33667,34130
78353076,78355046,33042,34279
78355702,78357675,33209,34469
78358331,78360302,33259,33725
78360957,78362928,33081,33431
78363584,78365557,33224,34496
78366212,78368185,33349,33854
78368841,78370811,33641,33765
78371466,78373438,33824,33674
78374095,78376066,33318,33215
78376721,78378694,33717,34483
78383206,78385179,33742,33636
78385834,78387806,33518,34237
78388461,78390434,33717,33668
78391092,78393065,33585,33898
78393720,78395694,33599,33637
78396349,78398321,33273,34571
78398976,78400950,33088,33505
78401604,78403579,33605,33876
78404234,78406206,33562,33852
78406861,78408832,32735,33481
78409487,78411458,33746,33443
78412116,78414087,33048,33049
78414742,78416712,32957,34208
78417368,78419339,32906,33618
78419994,78421967,32826,34399
78422622,78424595,33715,34278
78429124,78431097,33600,33249
78431752,78433723,33805,34301
78434378,78436351,33549,33966
78437008,78438978,32219,33642
78439633,78441605,32767,33491
78442260,78444231,32793,34068
78444886,78446861,33303,33840
78447516,78449489,33647,34006
78450146,78452116,33127,33332
78452771,78454744,33520,34341
78455398,78457371,33260,33739
78458028,78460002,32200,33975
78460657,78462630,33495,33866
78463286,78465259,33563,33270
78465914,78467887,32958,33219
78468542,78470514,32881,33455
78471169,78473140,32506,33903
78477685,78479656,32934,33727
78480312,78482285,32625,33683
78482940,78484911,32708,33812
78485567,78487538,33034,34068
78488192,78490164,33111,33867
78490819,78492792,33951,33159
78493447,78495419,33797,34368
78496076,78498048,32720,33820
78498703,78500677,33021,34225
78501332,78503304,33712,34175
78503959,78505930,33624,33829
78506586,78508557,33505,34066
78509213,78511186,33925,34299
78511841,78513812,33924,34052
78514468,78516440,33837,34499
78517097,78519068,32040,34106
78523591,78525565,33495,34290
78526220,78528193,33100,34471
78528849,78530820,33399,34270
78531476,78533448,32530,33221
78534106,78536079,33728,34745
78536734,78538705,33445,33917
78539360,78541332,33757,33583
78541987,78543959,32702,33809
78544614,78546585,32814,34155
78547240,78549213,32782,34143
78549868,78551839,33372,33890
78552495,78554468,32508,32709
78555125,78557097,32495,32576
78557752,78559724,33634,34496
78560380,78562352,33581,33287
78563009,78564982,33448,34237
78565638,78567610,33451,33848
78572125,78574098,33408,34096
78574754,78576725,33081,33430
78577381,78579354,33567,32810
78580011,78581984,33149,33745
78582638,78584608,32490,34110
78585264,78587237,32625,34197
78587892,78589865,33233,34589
78590521,78592494,33992,33959
78593151,78595121,33947,34443
78595776,78597749,33895,34568
78598405,78600378,33622,34128
78601035,78603006,33656,34259
78603661,78605632,33285,34401
78606288,78608262,33333,34070
78608917,78610890,33864,33490
78611545,78613515,33764,33046
78614171,78616142,33340,33826
78620670,78622641,33545,34120
78623296,78625270,33640,33490
78625925,78627896,32701,34302
78628552,78630523,32536,33518
78631179,78633150,33282,34537
78633805,78635776,33647,33870
78636432,78638404,33442,34317
78639061,78641032,32879,33456
78641688,78643658,32572,33629
78644313,78646284,32984,33324
78646939,78648909,33603,34096
78649564,78651535,33919,33142
78652190,78654163,33632,33762
78654818,78656791,32934,33681
78657446,78659417,33856,33256
78660073,78662044,32970,34585
78666585,78668557,33645,33533
78669212,78671186,32731,33463
78671840,78673809,32562,34334
78674464,78676436,33647,34299
78677092,78679065,32472,33931
78679720,78681694,33306,33809
78682349,78684319,33596,33618
78684973,78686946,33297,34150
78687601,78689574,33170,33147
78690229,78692202,33513,34445
78692857,78694829,33737,33371
78695484,78697458,33495,34354
78698116,78700087,33565,33840
78700742,78702712,33457,34478
78703368,78705339,33435,33705
78705994,78707967,33253,34298
78708622,78710595,33462,33771
78715056,78717027,32956,33172
78717682,78719656,33585,33300
78720311,78722284,33094,33433
78722939,78724909,33210,33609
78725563,78727534,32748,33718
78728189,78730163,32617,33910
78730818,78732792,34010,33369
78733447,78735418,32642,34498
78736075,78738046,33117,34354
78738701,78740674,33207,32665
78741329,78743300,33286,33983
78743955,78745928,33793,34581
78746582,78748555,32803,33911
78749210,78751185,33263,33393
78751839,78753811,32273,34097
78754466,78756436,33509,34069
78760947,78762918,33978,34535
78763574,78765547,33225,34164
78766201,78768174,33613,33348
78768829,78770799,33376,34099
78771454,78773426,33048,34531
78774083,78776056,33166,34310
78776711,78778682,32745,34075
78779337,78781308,32689,34457
78781963,78783936,32667,33244
78784591,78786566,33256,33058
78787220,78789191,33240,33975
78789846,78791818,33507,34435
78792473,78794443,32901,33361
78795100,78797074,33486,34388
78797729,78799700,32576,34075
78800355,78802326,33340,33898
78802981,78804952,33237,33545
78809571,78811542,33216,34263
78812197,78814171,33359,33534
78814826,78816797,33015,34200
78817452,78819425,33285,33386
78820081,78822052,33516,33877
78822707,78824678,33430,34103
78825333,78827305,33626,34003
78827960,78829932,33951,33277
78830587,78832558,32821,32722
78833213,78835186,32822,33820
78835841,78837811,32025,32885
78838466,78840436,32854,33234
78841093,78843065,33911,34571
78843720,78845694,32677,33606
78846349,78848320,33181,32951
78848975,78850948,33621,33387
78855534,78857506,33681,34316
78858161,78860132,33736,34666
78860787,78862760,33147,33996
78863415,78865386,33347,34088
78866043,78868014,33037,34098
78868669,78870640,33363,34056
78871295,78873268,33528,33336
78873922,78875894,33385,34064
78876548,78878519,32903,33941
78879174,78881145,33284,34202
78881800,78883773,32240,33987
78884427,78886399,33086,33862
78887056,78889027,33191,34584
78889682,78891656,33310,34606
78892310,78894284,33511,34212
78894939,78896907,32905,33211
78897561,78899534,33586,34205
78904050,78906021,33138,34050
78906676,78908649,33760,33942
78909304,78911277,33280,34245
78911932,78913904,33201,33711
78914559,78916532,33626,33467
78917188,78919161,33976,33845
78919816,78921790,33086,33446
78922445,78924415,33627,34596
78925072,78927043,33518,34555
78927698,78929671,33799,33574
78930325,78932298,33626,33726
78932953,78934926,33363,33894
78935582,78937555,33860,33505
78938211,78940185,33791,34343
78940840,78942811,33327,34139
78943466,78945437,32907,33247
78949956,78951928,33319,34464
78952584,78954557,32052,33408
78955212,78957186,33893,33295
78957841,78959811,33314,34211
78960466,78962438,34009,33095
78963095,78965065,33319,34540
78965721,78967694,32781,33848
78968349,78970320,33256,33513
78970975,78972948,33043,33821
78973603,78975576,33683,33513
78976231,78978201,33880,34463
78978856,78980828,33712,34278
78981483,78983455,32459,34317
78984112,78986087,33905,34524
78986742,78988713,33367,33437
78989368,78991339,33005,32849
78991994,78993967,33193,33352
78998504,79000476,33422,33671
79001133,79003105,33181,33914
79003760,79005731,33608,33942
79006385,79008358,33910,34285
79009015,79010988,33886,33983
79011642,79013612,32959,34355
79014267,79016239,33301,34474
79016894,79018867,32833,34162
79019522,79021495,33252,34277
79022152,79024123,33704,33465
79024778,79026751,33932,34398
79027406,79029379,33536,33318
79030036,79032007,32353,34268
79032662,79034633,32921,34256
79035289,79037262,33164,34255
79037917,79039890,33318,33708
79044426,79046398,32957,33870
79047055,79049025,33824,34603
79049680,79051654,33318,32759
79052310,79054284,33504,33780
79054939,79056910,33488,33905
79057565,79059536,33460,33940
79060191,79062163,32731,34179
79062818,79064792,33737,33972
79065447,79067418,32116,34276
79068075,79070046,32571,34305
79070701,79072674,32996,33495
79073329,79075302,32774,33748
79075956,79077926,33475,34544
79078580,79080553,32903,33179
79081207,79083180,32198,33430
79083835,79085806,33587,33967
79086462,79088435,33296,34014
79092834,79094805,34018,33782
79095460,79097433,34027,34122
79098090,79100064,33466,34107
79100719,79102693,33597,34377
79103349,79105319,32953,33799
79105974,79107947,33695,34010
79108602,79110575,33140,32845
79111230,79113201,31898,34008
79113857,79115829,33574,33326
79116485,79118458,33124,33631
79119116,79121088,33336,33985
79121743,79123714,32390,33684
79124369,79126340,32237,34609
79126995,79128968,33530,32898
79129623,79131595,33190,34264
79132250,79134222,33653,33573
79138756,79140729,33879,33732
79141383,79143356,31828,33888
79144013,79145986,32909,33110
79146642,79148610,32181,34422
79149265,79151237,33507,34249
79151892,79153865,32968,33995
79154521,79156494,33948,34583
79157151,79159121,33257,33771
79159776,79161749,33547,34213
79162404,79164377,33010,34222
79165034,79167005,32687,34358
79167661,79169632,32813,34567
79170288,79172262,32597,34454
79172917,79174890,33665,34167
79175544,79177516,33724,34109
79178171,79180142,33565,33956
79180797,79182770,31272,34168
79187304,79189277,33332,33375
79189932,79191904,33518,33118
79192559,79194532,34015,33724
79195186,79197159,33455,34276
79197814,79199787,33760,34650
79200443,79202413,32924,34235
79203070,79205042,32402,34109
79205697,79207669,33839,34623
79208325,79210298,32340,34363
79210952,79212924,33245,34208
79213578,79215551,32888,33067
79216205,79218178,33201,34104
79218833,79220804,32552,34230
79221460,79223433,32139,33586
79224090,79226064,32626,33121
79226719,79228694,33235,34249
79233234,79235205,32746,34048
79235860,79237831,33804,33039
79238486,79240459,33740,34218
79241116,79243087,33344,34412
79243742,79245712,32849,34137
79246366,79248337,32905,33626
79248992,79250965,32900,34381
79251620,79253593,33118,34337
79254248,79256219,33714,34167
79256874,79258847,33919,34201
79259501,79261474,33187,33721
79262131,79264103,33153,34246
79264758,79266731,33092,33334
79267387,79269360,32772,33319
79270017,79271989,33519,34183
79272645,79274616,34028,33711
79275271,79277243,32853,34172
79281760,79283731,32641,32800
79284385,79286358,33024,33895
79287015,79288988,33551,34436
79289644,79291615,33599,33319
79292270,79294241,33670,33964
79294897,79296869,33893,33560
79297526,79299497,33989,34412
79300154,79302125,33559,33561
79302780,79304754,32224,33657
79305409,79307383,33263,32970
79308040,79310011,33726,34636
79310666,79312637,33212,33988
79313291,79315261,33299,33421
79315916,79317889,33471,33282
79318544,79320516,33716,33730
79321171,79323142,33338,34351
79327653,79329625,33444,33221
79330280,79332253,33465,33827
79332908,79334879,33759,33723
79335533,79337504,33164,33112
79338160,79340131,33236,33460
79340786,79342757,32985,34113
79343411,79345383,33485,34567
79346040,79348011,33874,33886
79348666,79350637,33488,33274
79351291,79353262,33191,33628
79353917,79355890,33328,34273
79356546,79358518,33937,32517
79359173,79361144,33532,33168
79361799,79363772,33591,34520
79364427,79366398,33365,33511
79367055,79369027,32643,33603
79369682,79371656,33089,33730
79376182,79378155,33108,33590
79378810,79380781,33658,34414
79381436,79383407,33555,34487
79384064,79386036,33059,34235
79386691,79388664,33280,34755
79389319,79391292,33260,33867
79391947,79393919,33744,34334
79394574,79396547,32889,33279
79397201,79399173,32973,34055
79399828,79401799,33432,33622
79402454,79404426,32908,33703
79405083,79407056,33524,34440
79407711,79409682,33384,34855
79410337,79412309,32417,32695
79412964,79414935,32258,33731
79415590,79417561,33167,34674
79422088,79424061,33508,33226
79424716,79426689,33636,33514
79427344,79429315,34042,33532
79429970,79431942,33774,34079
79432597,79434570,33596,33397
79435225,79437199,33141,32350
79437854,79439826,33667,33588
79440481,79442454,33798,33281
79443111,79445083,33654,34194
79445739,79447710,33218,34652
79448366,79450337,34134,34114
79450992,79452965,32922,34287
79453619,79455592,33040,33552
79456248,79458218,33281,33958
79458873,79460846,33565,33814
79461501,79463474,33003,33439
79464131,79466103,33509,33968
79470498,79472471,33429,34512
79473128,79475101,33470,33826
79475756,79477729,33224,34511
79478385,79480357,33385,33625
79481014,79482987,33931,34194
79483642,79485614,32822,34133
79486269,79488241,33235,34422
79488896,79490869,32742,33244
79491524,79493497,34035,34380
79494154,79496125,33181,33359
79496780,79498754,33537,34100
79499409,79501383,33513,34470
79502040,79504012,34012,34604
79504667,79506639,33171,34300
79507293,79509263,33391,34664
79509918,79511891,32567,33522
79516491,79518462,33491,33617
79519119,79521090,33577,33833
79521745,79523716,33455,34333
79524372,79526343,32632,34526
79526998,79528973,31911,33353
79529628,79531598,32902,34266
79532254,79534224,33005,33484
79534879,79536852,33667,33872
79537507,79539481,32620,34455
79540138,79542108,33426,34700
79542763,79544735,33363,33422
79545390,79547361,33588,32812
79548018,79549989,33444,32950
79550645,79552616,33326,33214
79553271,79555242,33489,33351
79555897,79557870,33434,33383
79558526,79560497,32422,33800
