Inter-sample gap (us): 50
Inter-average gap (us): 1500
Samples averaged: 20
Format: micros(), A0, A1 
41242915,6846,7708
41246506,6268,6392
41250093,6394,6490
41253682,6290,6574
41257275,6402,6496
41260870,6456,6398
41264461,6492,6598
41268053,6362,6848
41271643,6462,6424
41275233,6480,6438
41278824,6476,6626
41282415,6278,6464
41286008,6520,6636
41289596,6296,6602
41293185,6368,6472
41296773,6382,6420
41300364,6274,6618
41303953,6340,6646
41307546,6406,6704
41311136,6330,6478
41314725,6298,6390
41371537,6788,7284
41375129,6336,6630
41378717,6192,6524
41382310,6300,6492
41385897,6422,6644
41389491,6394,6594
41393083,6458,6678
41396678,6382,6676
41400266,6238,6584
41403859,6354,6686
41407448,6312,6602
41411043,6286,6524
41414632,6282,6430
41418221,6418,6488
41421811,6304,6654
41425402,6230,6682
41428995,6516,6412
41432581,6374,6346
41436173,6416,6430
41439765,6308,6510
41443353,6378,6490
41446948,6372,6448
41450536,6392,6438
41454127,6420,6618
41457719,6372,6518
41506730,6660,7310
41510321,6306,6550
41513911,6278,6486
41517502,6210,6472
41521093,6216,6504
41524683,6294,6578
41528277,6302,6476
41531868,6314,6542
41535462,6312,6616
41539054,6308,6584
41542647,6566,6482
41546234,6248,6470
41549824,6326,6480
41553413,6308,6436
41557008,6366,6494
41560600,6408,6564
41564189,6348,6554
41567782,6370,6570
41571372,6292,6392
41574967,6414,6512
41578552,6216,6550
41582142,6320,6486
41585733,6334,6394
41589322,6334,6378
41592916,6502,6426
41596506,6218,6390
41600124,6242,6612
41603715,6178,6486
41607306,6326,6510
41610896,6348,6388
41614489,6282,6454
41618079,6370,6350
41621669,6256,6550
41625258,6380,6444
41628848,6336,6390
41632438,6240,6686
41636024,6340,6606
41639615,6252,6580
41643206,6224,6724
41646797,6392,6482
41650391,6526,6488
41653983,6504,6580
41657572,6450,6396
41661160,6342,6504
41664749,6230,6490
41668339,6292,6564
41671930,6384,6632
41675519,6538,6588
41679112,6264,6386
41682700,6228,6416
41686288,6302,6340
41689879,6364,6452
41693505,6336,6500
41697099,6376,6656
41700693,6516,6482
41704280,6310,6574
41707869,6588,6536
41711458,6482,6532
41715051,6214,6462
41718641,6314,6706
41722229,6302,6418
41725821,6406,6422
41729411,6368,6394
41733003,6272,6328
41736598,6252,6476
41740189,6452,6512
41743781,6626,6430
41747370,6270,6552
41750958,6324,6434
41754547,6302,6698
41758137,6392,6432
41761728,6308,6386
41765320,6308,6540
41768915,6242,6690
41772506,6470,6412
41776094,6432,6524
41779683,6304,6444
41783301,6504,6478
41786892,6446,6486
41790481,6342,6510
41794072,6300,6528
41797662,6314,6546
41801255,6512,6414
41804841,6310,6442
41808432,6372,6500
41812026,6504,6406
41815612,6318,6500
41819205,6296,6594
41822798,6304,6442
41826384,6270,6508
41829971,6322,6424
41833559,6490,6432
41837153,6294,6406
41840743,6416,6522
41844334,6210,6544
41847926,6368,6474
41851518,6350,6404
41855111,6288,6638
41858704,6472,6440
41862294,6276,6368
41865882,6424,6334
41869469,6534,6502
41873059,6496,6500
41876681,6420,6368
41880274,6346,6512
41883868,6278,6470
41887459,6202,6480
41891049,6198,6354
41894638,6444,6438
41898236,6268,6406
41901826,6380,6546
41905414,6504,6652
41909004,6352,6502
41912593,6312,6610
41916177,6310,6432
41919769,6556,6340
41923358,6358,6448
41926946,6250,6556
41930537,6220,6808
41934128,6380,6416
41937719,6472,6442
41941313,6710,6442
41944903,6262,6534
41948495,6268,6570
41952084,6572,6420
41955678,6332,6354
41959266,6328,6520
41962855,6374,6534
41966476,6286,6540
41970066,6284,6352
41973660,6736,6594
41977252,6310,6396
41980842,6476,6472
41984433,6254,6610
41988021,6306,6494
41991613,6368,6440
41995203,6342,6584
41998795,6266,6414
42002384,6546,6586
42005972,6314,6410
42009565,6368,6576
42013156,6286,6502
42016744,6480,6560
42020332,6260,6580
42023922,6432,6518
42027514,6244,6342
42031106,6348,6392
42034694,6342,6424
42038285,6314,6494
42041873,6414,6420
42045464,6210,6508
42049055,6350,6686
42052643,6456,6586
42056233,6378,6506
42059928,6282,6638
42063520,6316,6534
42067110,6376,6404
42070701,6434,6484
42074291,6350,6480
42077882,6428,6436
42081471,6296,6508
42085061,6320,6512
42088653,6252,6492
42092244,6514,6506
42095835,6498,6386
42099426,6416,6558
42103013,6372,6612
42106605,6376,6560
42110197,6358,6546
42113787,6470,6314
42117378,6346,6412
42120966,6246,6576
42124557,6224,6544
42128147,6202,6442
42131735,6368,6386
42135326,6336,6552
42138914,6296,6512
42142506,6272,6408
42146101,6340,6366
42149691,6326,6492
42203566,6666,7196
42207154,6240,6520
42210744,6326,6466
42214335,6256,6656
42217925,6254,6570
42221518,6502,6426
42225106,6348,6656
42228693,6316,6460
42232283,6288,6514
42235872,6376,6416
42239462,6404,6510
42243054,6318,6416
42246644,6178,6490
42250236,6226,6696
42253827,6504,6516
42257416,6298,6560
42261008,6526,6566
42264596,6348,6422
42268187,6474,6426
42271777,6458,6380
42275368,6284,6474
42278959,6416,6766
42282548,6372,6612
42286139,6554,6610
42289725,6386,6448
42293350,6362,6516
42296938,6318,6534
42300528,6436,6494
42304121,6452,6714
42307711,6316,6600
42311305,6286,6670
42314894,6320,6544
42318483,6310,6384
42322074,6386,6506
42325666,6394,6612
42329256,6432,6428
42332849,6328,6462
42336439,6554,6710
42340027,6248,6512
42343620,6430,6570
42347210,6274,6474
42350799,6410,6388
42354388,6218,6534
42357978,6576,6588
42361570,6406,6378
42365160,6344,6408
42368754,6444,6428
42372348,6690,6430
42375937,6548,6590
42379528,6428,6474
42383122,6342,6690
42386742,6568,6534
42390334,6314,6618
42393922,6410,6504
42397512,6316,6540
42401105,6408,6490
42404697,6512,6642
42408286,6272,6586
42411874,6330,6404
42415465,6360,6550
42419056,6458,6514
42422646,6312,6366
42426234,6430,6552
42429824,6380,6478
42433414,6568,6776
42437003,6462,6380
42440592,6446,6724
42444182,6396,6550
42447770,6394,6478
42451357,6402,6354
42454947,6444,6512
42458538,6400,6372
42462130,6388,6366
42465722,6288,6662
42469313,6310,6700
42472905,6444,6394
42476531,6242,6608
42480123,6192,6544
42483715,6480,6476
42487304,6354,6432
42490895,6382,6710
42494488,6294,6486
42498079,6360,6428
42501672,6286,6662
42505262,6340,6578
42508853,6238,6634
42512444,6242,6396
42516034,6314,6604
42519627,6216,6478
42523218,6424,6582
42526808,6446,6544
42530396,6338,6510
42533987,6280,6504
42537580,6314,6514
42541172,6210,6622
42544762,6318,6464
42548351,6400,6470
42551938,6254,6546
42555531,6406,6646
42559119,6292,6610
42562713,6410,6446
42566306,6286,6568
42569923,6378,6550
42573513,6564,6442
42577106,6516,6560
42580699,6548,6470
42584287,6492,6568
42587876,6490,6510
42591468,6456,6534
42595060,6308,6560
42598649,6386,6542
42602240,6362,6718
42605834,6276,6770
42609421,6366,6550
42613010,6300,6488
42616602,6348,6348
42620190,6352,6484
42623785,6440,6756
42627376,6688,6466
42630968,6374,6542
42634563,6276,6668
42638152,6322,6432
42641742,6448,6622
42645330,6320,6370
42648921,6234,6394
42652512,6358,6822
42656103,6478,6604
42659694,6386,6516
42712468,6790,7138
42716060,6326,6510
42719652,6214,6560
42723243,6426,6662
42726833,6528,6480
42730419,6364,6440
42734011,6418,6618
42737596,6272,6444
42741187,6300,6566
42744778,6424,6486
42748367,6450,6550
42751958,6448,6572
42755548,6238,6342
42759136,6514,6586
42762723,6210,6400
42766314,6320,6544
42769904,6406,6368
42773494,6380,6492
42777086,6300,6550
42780678,6306,6450
42784273,6384,6538
42787863,6382,6540
42791453,6396,6398
42795044,6272,6490
42798629,6430,6428
42802246,6378,6356
42805840,6242,6490
42809429,6258,6422
42813023,6310,6374
42816615,6236,6536
42820205,6498,6704
42823795,6334,6672
42827384,6348,6618
42830973,6334,6342
42834568,6356,6454
42838159,6326,6526
42841747,6464,6514
42845337,6372,6522
42848933,6342,6564
42852523,6454,6428
42856115,6262,6522
42859708,6396,6736
42863300,6344,6522
42866890,6458,6556
42870477,6458,6514
42874067,6418,6542
42877658,6378,6362
42881242,6252,6418
42884835,6376,6418
42888427,6614,6508
42892019,6384,6576
42895643,6426,6610
42899237,6244,6486
42902826,6556,6514
42906416,6394,6682
42910005,6320,6504
42913597,6716,6568
42917191,6460,6346
42920782,6304,6476
42924376,6364,6508
42927963,6372,6556
42931553,6266,6548
42935144,6302,6714
42938733,6420,6496
42942323,6312,6496
42945914,6496,6544
42949504,6498,6516
42953092,6348,6660
42956685,6398,6416
42960276,6300,6570
42963865,6358,6318
42967455,6406,6632
42971043,6260,6492
42974635,6356,6436
42978228,6316,6616
42981820,6210,6556
42985436,6268,6494
42989026,6334,6568
42992619,6246,6470
42996211,6282,6752
42999800,6304,6382
43003389,6348,6416
43006980,6594,6492
43010571,6410,6578
43014162,6666,6406
43017752,6322,6404
43021341,6376,6546
43024931,6510,6524
43028523,6286,6402
43032111,6400,6390
43035703,6312,6412
43039294,6550,6426
43042882,6434,6582
43046475,6274,6440
43050064,6292,6652
43053654,6232,6406
43057246,6356,6526
43060840,6450,6430
43064429,6202,6434
43068024,6212,6580
43071617,6576,6620
43075210,6306,6456
43078833,6360,6428
43082427,6210,6458
43086021,6300,6542
43089615,6406,6674
43093208,6370,6440
43096798,6404,6364
43100392,6484,6482
43103985,6352,6644
43107575,6428,6468
43111167,6246,6590
43114760,6336,6468
43118349,6382,6350
43121941,6256,6550
43125530,6290,6496
43129118,6326,6490
43132705,6370,6558
43136295,6240,6542
43139887,6304,6378
43143477,6330,6342
43147065,6234,6390
43150655,6420,6410
43154244,6366,6544
43157831,6668,6408
43161421,6348,6692
43165014,6346,6496
43168604,6248,6748
43172226,6442,6696
43175819,6230,6560
43179411,6326,6536
43183003,6284,6430
43186592,6328,6498
43190184,6434,6576
43193776,6308,6624
43197368,6364,6492
43200957,6346,6524
43204547,6472,6630
43208140,6284,6652
43211727,6508,6550
43215321,6344,6678
43218911,6288,6572
43222500,6262,6382
43226087,6456,6552
43229677,6316,6572
43233272,6366,6468
43236862,6350,6672
43240453,6554,6632
43244040,6238,6534
43247632,6502,6406
43251219,6310,6420
43254808,6230,6582
43258399,6302,6674
43262022,6402,6656
43265611,6408,6552
43269202,6400,6472
43272795,6290,6448
43276384,6338,6562
43279975,6390,6470
43283566,6550,6414
43287155,6304,6464
43290745,6324,6566
43294336,6338,6392
43297926,6362,6546
43301517,6362,6556
43305109,6322,6504
43308700,6432,6428
43312290,6268,6522
43315885,6338,6452
43319475,6308,6660
43323065,6232,6626
43326656,6372,6688
43330247,6428,6660
43333840,6382,6396
43337429,6290,6472
43341020,6278,6430
43344614,6422,6470
43348208,6358,6334
43351803,6374,6466
43355421,6338,6492
43359013,6354,6498
43362607,6542,6460
43366202,6366,6612
43369793,6326,6512
43373385,6372,6780
43376979,6376,6422
43380568,6536,6488
43384157,6316,6398
43387750,6294,6690
43391341,6342,6716
43394931,6356,6556
43398524,6308,6460
43402116,6340,6400
43405710,6544,6476
43409304,6304,6536
43412898,6436,6510
43416487,6334,6454
43420073,6260,6514
43423665,6308,6638
43427258,6362,6402
43430849,6480,6390
43434438,6236,6414
43438027,6618,6424
43441615,6510,6520
43496446,6692,7132
43500038,6496,6570
43503629,6324,6560
43507216,6332,6402
43510808,6428,6518
43514399,6376,6506
43517988,6230,6586
43521578,6348,6432
43525168,6276,6422
43528763,6282,6464
43532353,6402,6462
43535946,6276,6430
43539531,6340,6526
43543121,6412,6542
43546713,6332,6454
43550303,6404,6362
43553898,6348,6412
43557489,6322,6578
43561077,6394,6374
43564667,6502,6618
43568259,6462,6582
43571853,6364,6656
43575445,6318,6644
43579035,6212,6480
43582626,6514,6496
43586219,6276,6832
43589839,6518,6638
43593432,6356,6570
43597024,6300,6328
43600613,6338,6410
43604205,6378,6386
43607797,6276,6380
43611387,6286,6456
43614978,6190,6624
43618570,6390,6538
43622163,6340,6512
43625748,6330,6542
43629340,6264,6412
43632927,6570,6446
43636520,6336,6562
43640113,6442,6414
43643703,6222,6654
43647297,6306,6608
43650886,6492,6478
43654474,6292,6606
43658063,6330,6464
43661651,6238,6342
43665240,6314,6396
43668829,6454,6574
43672419,6350,6634
43676009,6246,6542
43679599,6332,6418
43683227,6202,6606
43686820,6462,6418
43690408,6344,6570
43693993,6304,6358
43697584,6468,6388
43701179,6196,6392
43704772,6332,6534
43708362,6402,6714
43711955,6272,6474
43715548,6298,6682
43719138,6374,6564
43722728,6234,6494
43726318,6366,6406
43729911,6386,6568
43733499,6274,6478
43737090,6320,6506
43740681,6292,6508
43744269,6490,6356
43747866,6388,6438
43751456,6374,6610
43755046,6436,6610
43758639,6406,6564
43762226,6358,6458
43765817,6318,6640
43769407,6360,6412
43773024,6414,6634
43776617,6398,6554
43780208,6184,6402
43783799,6368,6550
43787388,6302,6340
43790978,6412,6478
43794570,6332,6560
43798159,6238,6482
43801750,6302,6464
43805342,6300,6356
43808932,6564,6370
43812520,6228,6476
43816110,6234,6700
43819699,6380,6462
43823290,6340,6600
43826882,6252,6552
43830471,6300,6466
43834058,6250,6344
43837647,6490,6548
43841237,6326,6580
43844830,6232,6470
43848419,6390,6400
43852007,6306,6358
43855602,6204,6484
43859191,6458,6658
43862784,6386,6438
43866411,6388,6644
43870003,6262,6596
43873594,6362,6572
43877185,6402,6420
43880777,6366,6610
43884371,6320,6612
43887964,6294,6636
43891557,6458,6498
43895147,6228,6464
43898738,6432,6328
43902330,6342,6608
43905921,6294,6504
43909512,6380,6370
43913104,6228,6484
43916695,6370,6380
43920285,6378,6496
43923880,6456,6534
43927467,6402,6474
43931056,6366,6424
43934647,6298,6414
43938238,6332,6418
43941825,6264,6594
43945419,6204,6586
43949009,6282,6410
43952602,6354,6424
43956219,6552,6376
43959810,6460,6562
43963398,6350,6534
43966988,6436,6426
43970572,6476,6520
43974166,6210,6594
43977758,6188,6676
43981349,6382,6404
43984940,6288,6478
43988532,6208,6498
43992123,6404,6500
43995713,6442,6514
43999306,6298,6754
44002899,6460,6568
44006488,6388,6428
44010076,6242,6362
44013666,6462,6432
44017255,6398,6498
44020846,6318,6724
44024440,6658,6762
44028034,6200,6616
44031625,6594,6436
44035218,6410,6544
44038810,6280,6568
44042400,6382,6354
44045986,6454,6472
44049615,6354,6694
44053209,6274,6526
44056799,6392,6448
44060389,6378,6382
44063980,6298,6454
44067568,6246,6616
44071158,6304,6596
44074747,6502,6442
44078338,6376,6476
44081928,6308,6612
44085519,6460,6592
44089109,6448,6416
44092700,6336,6600
44096296,6378,6556
44099887,6380,6354
44103476,6394,6434
44107064,6322,6460
44110656,6342,6550
44114245,6272,6472
44117838,6532,6480
44121426,6398,6446
44125016,6512,6566
44128606,6280,6414
44132195,6244,6476
44135784,6332,6358
44139378,6380,6336
44142995,6650,6368
44146587,6378,6530
44150175,6338,6478
44153763,6268,6436
44157350,6430,6386
44160945,6212,6534
44164533,6220,6402
44168125,6288,6606
44171714,6390,6432
44175302,6280,6664
44178894,6304,6882
44182485,6300,6496
44186079,6240,6808
44189669,6276,6510
44193262,6274,6562
44196851,6356,6324
44200441,6358,6492
44204033,6596,6584
44207625,6362,6610
44211216,6204,6330
44214807,6354,6408
44218400,6418,6616
44221990,6460,6422
44225581,6296,6600
44229172,6260,6382
44281968,6572,7124
44285560,6364,6482
44289152,6230,6488
44292746,6224,6602
44296335,6296,6624
44299924,6340,6456
44303513,6260,6584
44307100,6400,6456
44310693,6366,6460
44314285,6208,6474
44317879,6358,6520
44321469,6210,6504
44325059,6584,6498
44328648,6392,6334
44332237,6220,6402
44335827,6204,6592
44339416,6398,6548
44343008,6288,6626
44346599,6456,6602
44350187,6264,6648
44353779,6356,6630
44357372,6382,6352
44360961,6304,6420
44364553,6320,6390
44368144,6356,6754
44371734,6324,6530
44375353,6300,6518
44378944,6430,6526
44382533,6256,6680
44386125,6444,6628
44389721,6288,6648
44393312,6416,6474
44396901,6430,6402
44400489,6298,6820
44404082,6388,6502
44407672,6212,6504
44411264,6296,6454
44414854,6386,6488
44418446,6268,6556
44422036,6246,6498
44425628,6322,6488
44429219,6392,6400
44432809,6224,6540
44436401,6466,6532
44439994,6334,6500
44443583,6284,6632
44447177,6184,6730
44450766,6198,6486
44454352,6220,6444
44457943,6532,6550
44461533,6232,6640
44465155,6476,6364
44468745,6342,6430
44472336,6230,6434
44475926,6306,6586
44479515,6422,6440
44483104,6434,6356
44486695,6284,6406
44490285,6246,6358
44493878,6412,6532
44497468,6334,6320
44501052,6332,6418
44504641,6278,6476
44508231,6416,6374
44511823,6364,6446
44515411,6688,6426
44519003,6308,6628
44522592,6448,6490
44526180,6322,6442
44529772,6374,6330
44533364,6320,6542
44536954,6304,6418
44540542,6412,6438
44544129,6348,6506
44547721,6426,6756
44551312,6362,6544
44554901,6694,6450
44558518,6384,6616
44562109,6362,6510
44565700,6406,6440
44569291,6364,6490
44572884,6316,6382
44576473,6294,6538
44580064,6442,6402
44583652,6336,6408
44587243,6456,6472
44590830,6348,6386
44594419,6306,6482
44598008,6494,6480
44601603,6376,6424
44605191,6424,6514
44608783,6430,6552
44612374,6250,6686
44615967,6426,6442
44619557,6284,6588
44623147,6270,6562
44626736,6302,6512
44630327,6216,6604
44633917,6594,6362
44637506,6368,6418
44641097,6410,6420
44644687,6360,6350
44648272,6242,6336
44651898,6284,6472
44655486,6416,6616
44659075,6422,6424
44662664,6264,6554
44666255,6354,6540
44669845,6562,6504
44673437,6444,6444
44677024,6558,6438
44680611,6342,6540
44684201,6374,6490
44687791,6262,6586
44691385,6348,6616
44694978,6362,6520
44698570,6308,6480
44702161,6256,6402
44705752,6420,6732
44709345,6464,6498
44712938,6464,6462
44716530,6198,6416
44720121,6198,6488
44723713,6348,6500
44727304,6276,6346
44730896,6224,6418
44734486,6314,6592
44738078,6492,6474
44741693,6272,6684
44745284,6408,6476
44748875,6420,6434
44752466,6304,6568
44756056,6320,6510
44759649,6500,6684
44763240,6220,6474
44766831,6558,6376
44770423,6240,6426
44774016,6326,6788
44777606,6290,6412
44781195,6572,6398
44784788,6428,6484
44788377,6350,6476
44791965,6484,6488
44795559,6366,6468
44799151,6428,6448
44802742,6476,6508
44806333,6262,6430
44809924,6360,6610
44813510,6480,6454
44817103,6314,6614
44820696,6224,6494
44824288,6348,6506
44827879,6486,6758
44831468,6502,6434
44835097,6332,6484
44838689,6296,6464
44842277,6330,6444
44845868,6388,6542
44849459,6230,6368
44853052,6376,6444
44856641,6278,6612
44860234,6380,6458
44863828,6272,6542
44867418,6506,6560
44871009,6460,6510
44874598,6280,6492
44878189,6462,6712
44881780,6494,6514
44885369,6488,6356
44888958,6506,6434
44892548,6276,6634
44896135,6350,6540
44899724,6378,6542
44903315,6224,6414
44906905,6408,6430
44910496,6316,6504
44914089,6328,6586
44917682,6310,6336
44921273,6288,6462
44924889,6440,6360
44928476,6286,6410
44932063,6418,6552
44935656,6170,6554
44939245,6416,6436
44942834,6386,6620
44946422,6344,6342
44950014,6204,6470
44953603,6282,6548
44957194,6408,6456
44960783,6314,6482
44964372,6196,6518
44967961,6474,6508
44971552,6256,6414
44975146,6270,6432
44978739,6318,6494
44982326,6234,6438
44985919,6268,6404
44989511,6332,6566
44993107,6274,6714
44996698,6190,6634
45000287,6414,6544
45003877,6298,6442
45007472,6294,6584
45011059,6318,6702
45014649,6450,6526
45067372,6666,7304
45070966,6304,6436
45074555,6348,6458
45078143,6270,6428
45081732,6418,6536
45085323,6562,6484
45088911,6416,6462
45092499,6280,6582
45096086,6306,6632
45099677,6294,6476
45103266,6410,6394
45106855,6256,6560
45110448,6230,6652
45114040,6376,6732
45117634,6320,6472
45121224,6350,6332
45124818,6580,6868
45128411,6228,6408
45132001,6326,6348
45135592,6624,6490
45139183,6332,6562
45142775,6568,6542
45146361,6218,6572
45149950,6210,6466
45153538,6300,6434
45157125,6434,6582
45160744,6324,6490
45164334,6258,6736
45167924,6370,6344
45171515,6428,6476
45175105,6268,6434
45178691,6476,6492
45182283,6270,6580
45185873,6428,6688
45189462,6478,6736
45193054,6234,6576
45196645,6394,6526
45200242,6360,6476
45203833,6376,6340
45207424,6288,6762
45211013,6272,6568
45214603,6398,6472
45218192,6384,6410
45221784,6388,6558
45225375,6498,6418
45228963,6228,6474
45232551,6334,6596
45236142,6300,6578
45239733,6500,6436
45243326,6322,6562
45246914,6334,6444
45250538,6278,6548
45254128,6244,6498
45257720,6426,6780
45261310,6314,6636
45264900,6360,6402
45268489,6432,6364
45272078,6370,6576
45275665,6298,6446
45279257,6434,6560
45282849,6446,6334
45286439,6476,6698
45290031,6294,6638
45293620,6362,6646
45297212,6174,6480
45300804,6260,6618
45304394,6370,6524
45307984,6382,6612
45311573,6368,6562
45315162,6370,6772
45318755,6340,6478
45322346,6286,6470
45325936,6270,6432
45329526,6400,6536
45333117,6354,6502
45336708,6274,6492
45340297,6260,6364
45343917,6276,6520
45347510,6500,6496
45351100,6434,6510
45354693,6308,6536
45358285,6386,6566
45361879,6302,6604
45365468,6280,6474
45369058,6354,6594
45372650,6442,6598
45376241,6400,6676
45379831,6436,6484
45383423,6444,6684
45387019,6314,6634
45390609,6464,6618
45394199,6232,6472
45397788,6280,6662
45401377,6310,6376
45404969,6346,6508
45408561,6392,6488
45412154,6404,6616
45415749,6418,6672
45419343,6288,6546
45422934,6456,6358
45426524,6402,6560
45430116,6282,6552
45433739,6574,6478
45437331,6202,6560
45440923,6420,6676
45444513,6502,6596
45448104,6296,6344
45451697,6448,6590
45455290,6462,6534
45458880,6386,6568
45462473,6332,6608
45466063,6416,6538
45469654,6316,6562
45473247,6308,6428
45476840,6286,6572
45480431,6362,6470
45484021,6404,6484
45487614,6326,6420
45491203,6368,6494
45494791,6352,6434
45498380,6414,6392
45501969,6538,6546
45505563,6376,6594
45509156,6358,6534
45512745,6334,6696
45516336,6450,6588
45519923,6340,6462
45523513,6394,6704
45527128,6208,6432
45530719,6444,6670
45534312,6496,6488
45537899,6248,6424
45541493,6246,6844
45545084,6446,6598
45548675,6332,6514
45552269,6450,6684
45555857,6342,6616
45559449,6332,6642
45563033,6306,6422
45566625,6188,6384
45570219,6272,6514
45573811,6300,6456
45577398,6302,6572
45580993,6418,6518
45584584,6378,6516
45588175,6372,6528
45591769,6238,6498
45595357,6344,6476
45598950,6266,6534
45602538,6326,6574
45606124,6340,6510
45609715,6202,6638
45613306,6432,6668
45616894,6292,6496
45620514,6332,6486
45624105,6516,6562
45627699,6478,6480
45631293,6376,6456
45634885,6552,6476
45638479,6380,6638
45642070,6440,6512
45645663,6520,6596
45649255,6344,6494
45652847,6460,6416
45656436,6620,6522
45660029,6516,6552
45663620,6304,6322
45667210,6230,6492
45670802,6286,6560
45674393,6330,6522
45677979,6232,6594
45681568,6446,6390
45685161,6404,6454
45688752,6360,6592
45692339,6336,6556
45695928,6320,6590
45699517,6342,6434
45703107,6292,6548
45706698,6234,6638
45710315,6236,6554
45713907,6258,6430
45717498,6272,6478
45721092,6532,6684
45724683,6574,6526
45728273,6284,6564
45731866,6352,6484
45735458,6402,6554
45739051,6410,6500
45742644,6284,6554
45746235,6218,6606
45749825,6356,6474
45753415,6522,6348
45757005,6552,6522
45760596,6468,6430
45764182,6326,6462
45767771,6346,6650
45771360,6440,6378
45774950,6312,6476
45778542,6292,6486
45782130,6398,6402
45785722,6294,6734
45789311,6294,6464
45792901,6222,6368
45796493,6376,6518
45800086,6354,6640
45854961,6620,7168
45858552,6362,6546
45862146,6272,6632
45865731,6278,6412
45869321,6278,6624
45872912,6356,6622
45876502,6340,6590
45880097,6310,6658
45883690,6344,6562
45887281,6466,6488
45890875,6350,6618
45894468,6304,6550
45898057,6364,6512
45901648,6386,6622
45905236,6350,6500
45908828,6504,6576
45912424,6444,6400
45916015,6304,6672
45919606,6362,6592
45923197,6412,6690
45926785,6304,6660
45930379,6456,6380
45933973,6272,6482
45937565,6300,6634
45941152,6342,6524
45944766,6274,6430
45948357,6238,6380
45951947,6220,6634
45955535,6348,6564
45959125,6412,6428
45962717,6302,6650
45966307,6546,6418
45969900,6364,6624
45973490,6358,6582
45977085,6364,6408
45980678,6336,6388
45984269,6354,6754
45987861,6328,6514
45991452,6314,6640
45995041,6322,6484
45998627,6414,6414
46002218,6254,6414
46005811,6274,6554
46009400,6340,6646
46012990,6216,6348
46016578,6308,6498
46020169,6326,6408
46023760,6320,6592
46027349,6310,6336
46030941,6358,6500
46034533,6222,6490
46038157,6416,6732
46041747,6478,6560
46045337,6348,6514
46048932,6334,6460
46052523,6322,6556
46056113,6502,6714
46059703,6332,6428
46063296,6372,6458
46066889,6194,6514
46070481,6512,6382
46074071,6364,6492
46077662,6340,6696
46081254,6242,6390
46084843,6292,6394
46088436,6276,6688
46092027,6402,6932
46095623,6386,6564
46099213,6310,6610
46102806,6374,6408
46106397,6404,6488
46109988,6294,6578
46113579,6364,6394
46117169,6366,6336
46120757,6282,6668
46124348,6240,6432
46127939,6254,6618
46131557,6232,6418
46135146,6326,6492
46138735,6568,6500
46142328,6438,6718
46145916,6324,6622
46149505,6328,6504
46153094,6290,6528
46156685,6288,6432
46160277,6282,6502
46163872,6216,6346
46167463,6452,6484
46171051,6338,6482
46174640,6374,6494
46178229,6226,6604
46181819,6328,6380
46185408,6344,6544
46189002,6210,6442
46192593,6492,6570
46196183,6330,6470
46199771,6476,6402
46203364,6244,6502
46206956,6324,6504
46210548,6294,6432
46214141,6210,6296
46217732,6316,6404
46221354,6310,6398
46224945,6288,6392
46228537,6352,6712
46232128,6188,6466
46235719,6370,6522
46239306,6290,6602
46242897,6312,6530
