Inter-sample gap (us): 50
Inter-average gap (us): 500
Samples averaged: 20
Format: micros(), A0, A1 
65997204,33851,34171
65999779,33887,33788
66002357,33378,32736
66004934,32949,33738
66007512,33449,32967
66010089,32809,34039
66012669,32972,34080
66015246,33470,34208
66017825,33662,33334
66020402,32628,33954
66022979,32709,34524
66025558,34025,34039
66028137,34060,33587
66030715,33238,34236
66033294,33558,34535
66035873,32060,33883
66038452,33177,33287
66041029,33688,33304
66043606,33575,33315
66049932,33944,32606
66052511,33616,33411
66055088,33501,34633
66057666,33042,32815
66060244,32546,33528
66062821,33185,34143
66065398,33658,34092
66067975,32973,34245
66070553,33194,33828
66073131,33029,33817
66075707,33624,34233
66078284,32357,34045
66080862,32584,31822
66083441,32624,32805
66086018,33288,34651
66088595,33051,33864
66091173,33390,33321
66093750,33717,33641
66096327,33332,34439
66098904,33864,34542
66101482,32956,33633
66104060,33067,33604
66106638,33741,33578
66113087,32611,33974
66115666,32855,33313
66118245,33620,33792
66120821,33175,33664
66123398,33757,33715
66125975,33381,32592
66128553,33126,34597
66131131,32997,33253
66133707,32044,33790
66136284,32748,33807
66138863,33915,33992
66141441,33566,34337
66144018,33081,33880
66146595,32771,34035
66149173,33866,34291
66151750,33430,34328
66154327,33031,33837
66156904,33676,34518
66159483,33623,34532
66162061,33716,34362
66164638,33766,33792
66167215,33490,34284
66169791,33655,34059
66172369,33116,33619
66178838,32799,33347
66181415,32634,34446
66183992,34030,34361
66186572,34106,34363
66189149,33158,33626
66191728,32791,34052
66194305,33253,33339
66196883,33903,32689
66199460,33517,34466
66202039,33290,34404
66204615,33621,33401
66207193,32736,33603
66209772,33022,34109
66212350,33631,34497
66214927,33616,33175
66217505,33658,33537
66220084,33412,33589
66222662,32804,34469
66225239,33381,34019
66227816,33197,33188
66230395,33929,34280
66232973,33628,33382
66235553,33189,33261
66242004,33371,33970
66244581,33563,33601
66247158,34034,33818
66249736,33623,34220
66252313,33360,33484
66254890,32120,33976
66257468,33979,34151
66260048,33254,34480
66262625,32988,34112
66265201,33150,34300
66267778,33169,34256
66270357,33403,34392
66272933,33909,33442
66275511,33452,34031
66278088,33115,34455
66280666,32815,34109
66283245,33411,34574
66285821,33497,33769
66288398,33165,33208
66290975,33536,32459
66293553,33230,33762
66296130,32262,33250
66298708,32893,33294
66305155,33762,34238
66307732,33586,33854
66310309,33532,33823
66312888,32452,34457
66315466,33336,33245
66318043,33738,34181
66320620,33528,33680
66323199,33531,34423
66325776,32855,34154
66328355,31984,32647
66330933,33443,34186
66333511,33230,34195
66336088,33920,34249
66338667,32737,34145
66341245,33943,34318
66343821,33266,33789
66346398,32383,33856
66348974,33642,34072
66351553,33672,34464
66354131,33493,34402
66356708,33463,33960
66359284,33867,33945
66361863,33348,34121
66368324,32908,34284
66370900,32935,34118
66373480,33757,33705
66376059,33694,34242
66378637,33253,33855
66381214,33902,34303
66383791,33641,32787
66386370,33565,33838
66388947,33439,34312
66391525,33743,34211
66394102,33144,33076
66396679,32930,34278
66399258,32143,33851
66401834,33155,33873
66404411,33129,33830
66406988,32918,34220
66409568,32714,34644
66412146,32427,33844
66414723,33593,33711
66417300,33972,34127
66419876,33354,34069
66422454,33345,34356
66425031,33748,33892
66427608,33714,34551
66434065,33248,34549
66436642,32434,32023
66439218,33308,34540
66441795,32888,33939
66444374,33976,34365
66446950,33624,34201
66449530,33542,32481
66452106,33631,33645
66454685,33527,33497
66457262,34118,34312
66459841,32797,34518
66462418,33388,33994
66464995,33174,33773
66467576,32665,34254
66470155,33159,34124
66472732,33927,34509
66475309,32173,33621
66477887,32860,34386
66480466,32454,33801
66483044,32587,34069
66485621,34001,33675
66488200,33037,33865
66490776,31511,33586
66497108,32512,34350
66499687,34042,34301
66502264,33093,32899
66504843,32617,33734
66507421,33803,33561
66509998,34060,34577
66512579,33715,34600
66515156,33185,33253
66517734,33340,32964
66520311,33626,33171
66522890,33332,34269
66525468,32168,34552
66528048,33191,33999
66530624,33520,33124
66533201,33825,34351
66535778,33967,33790
66538357,33231,33430
66540934,33693,34516
66543513,33893,34690
66546091,32319,32533
66548669,33782,34296
66551246,32109,34230
66553825,33376,34602
66560120,33270,34031
66562696,33693,33410
66565276,34002,33605
66567852,32663,33769
66570431,33198,34430
66573008,33640,33375
66575586,33053,33447
66578163,33807,34069
66580740,33031,34714
66583317,33546,34529
66585893,32535,34431
66588472,33145,33925
66591049,33660,33726
66593628,33991,33446
66596205,32839,34209
66598783,33952,34031
66601360,34088,33977
66603936,34020,34282
66606515,34011,33400
66609091,33150,33118
66611670,33028,34213
66614247,33628,33658
66616825,33035,34108
66623276,33177,33690
66625852,32174,33612
66628431,32696,34417
66631008,32915,33636
66633587,33320,33698
66636163,33633,34028
66638740,33671,33358
66641316,33705,34066
66643893,33556,34264
66646472,33235,33979
66649048,33527,33138
66651628,32682,34330
66654205,33252,33960
66656783,33552,34434
66659361,32700,34327
66661939,33605,33145
66664518,33966,32573
66667097,32895,34337
66669676,33513,33717
66672255,33093,33482
66674834,33803,32966
66677411,33499,33855
66679988,33210,33303
66682568,32861,34587
66689023,33555,33008
66691600,33327,33814
66694178,33451,34272
66696755,33493,34169
66699333,33920,32975
66701910,33502,33799
66704491,33419,34314
66707066,33655,33924
66709644,32357,33717
66712222,32744,34288
66714799,33733,32829
66717377,33764,33940
66719955,32321,33839
66722533,33922,34518
66725110,32437,33863
66727689,33706,33742
66730266,33170,33127
66732845,33316,34375
66735422,32865,33706
66737999,32965,33422
66740579,33672,34183
66743156,33116,33007
66745734,32178,34513
66752174,33336,33438
66754750,33025,33906
66757327,33740,34642
66759905,33438,34513
66762483,32849,33850
66765062,33269,33363
66767639,32871,33012
66770214,34040,34018
66772791,33288,34202
66775370,33588,33701
66777947,33526,34120
66780526,34069,33390
66783102,32800,34031
66785679,32831,33214
66788258,33401,34137
66790834,33403,32880
66793411,33118,34566
66795988,33635,33776
66798569,33323,33463
66801146,32828,34319
66803723,32877,33995
66806301,33555,33239
66808878,33099,34498
66815323,32703,33062
66817900,33534,33799
66820480,33251,33421
66823059,33114,33121
66825637,33504,33917
66828214,34035,32176
66830791,33517,34566
66833370,33470,34476
66835946,33353,34123
66838526,33105,33345
66841103,33176,34386
66843679,32351,33887
66846257,33975,34087
66848834,33221,32061
66851411,33872,34111
66853988,33381,33694
66856568,33154,34458
66859146,33805,32728
66861723,32957,33685
66864301,33905,34117
66866878,34001,34106
66869455,33822,34252
66872031,33678,33622
66874608,33686,34447
66881064,33308,32678
66883641,32777,33908
66886218,33820,34608
66888795,32543,33619
66891374,32722,34294
66893950,32945,34055
66896530,33101,33947
66899107,33625,33914
66901685,33712,33039
66904261,33914,33855
66906838,33890,33247
66909415,32410,34497
66911992,33351,32485
66914572,33406,34375
66917149,33172,34077
66919728,32649,33659
66922305,32340,34335
66924883,33414,33085
66927460,32362,33803
66930039,34011,34334
66932615,32978,34245
66935194,32247,34314
66937775,33532,34144
66944225,32832,33303
66946802,33715,33851
66949382,33237,33968
66951960,32269,33249
66954540,32240,34141
66957116,33034,33508
66959693,33191,34284
66962272,33530,34149
66964848,33703,34230
66967426,33269,34536
66970005,33610,34601
66972581,32967,33775
66975159,33600,33998
66977736,33528,33869
66980314,32596,34190
66982891,33671,34163
66985470,33845,34475
66988048,33312,34526
66990625,33463,33706
66993201,32749,34132
66995778,33349,32248
66998357,33659,33405
67000934,33461,34091
67007254,33555,34020
67009831,33322,33993
67012408,34077,34543
67014986,33654,33700
67017567,33365,33498
67020144,33596,33422
67022721,33632,34156
67025299,33354,33883
67027876,32607,34493
67030455,32716,33682
67033031,33185,33530
67035608,33156,34249
67038185,33165,34094
67040764,33592,33896
67043340,33602,33344
67045917,33362,34377
67048496,32278,33815
67051074,33165,33983
67053652,32709,34585
67056228,33077,34566
67058805,33602,33318
67061382,34186,34301
67063961,33274,34262
67070266,34010,33982
67072845,33236,32632
67075422,33727,33442
67077999,33871,33402
67080579,33436,33026
67083156,32868,33415
67085734,32117,33285
67088311,34035,33990
67090890,33639,34411
67093468,32826,33446
67096045,33294,33862
67098622,33900,33261
67101201,32848,33972
67103778,33060,33882
67106357,32574,33974
67108933,33699,33049
67111511,34024,34577
67114088,32647,34493
67116667,32509,33593
67119245,33711,33141
67121825,33301,34203
67124401,33345,34131
67126980,33367,34216
67129557,33919,34283
67136014,32841,34085
67138593,33264,33267
67141171,33297,33927
67143749,33245,34551
67146327,32605,34504
67148904,33704,33250
67151483,33190,33907
67154062,33545,34309
67156639,33609,33885
67159215,33379,34340
67161791,33443,34082
67164370,33500,33978
67166947,33359,34173
67169526,33999,34482
67172102,32899,33690
67174679,32708,33894
67177258,33560,33762
67179834,34102,33684
67182411,33377,34290
67184988,32606,33870
67187569,33055,34640
67190146,33223,34072
67192723,33973,33739
67199197,34019,33838
67201775,34013,33965
67204353,33615,33436
67206929,32952,33482
67209508,33605,33243
67212087,32927,34586
67214665,33023,34547
67217244,33504,34580
67219821,33972,33385
67222398,33311,33712
67224975,33054,33648
67227553,32651,33959
67230131,32999,34278
67232707,31985,33643
67235284,33314,34470
67237863,33974,33516
67240441,34028,33994
67243018,32310,34191
67245595,32510,33916
67248173,32822,34215
67250750,33228,33910
67253327,32792,34652
67255904,32986,34709
67262343,33504,34536
67264920,33232,34103
67267498,33479,34582
67270077,33704,34057
67272655,33941,32059
67275231,33984,33856
67277808,33269,33726
67280384,32940,33735
67282964,33359,33262
67285543,32962,33961
67288120,32933,34237
67290696,33587,34062
67293276,33669,33803
67295852,32713,34301
67298431,33184,33740
67301006,33157,33791
67303583,33861,34430
67306160,33215,34360
67308737,32393,34283
67311314,33755,33901
67313891,31905,34008
67316469,32732,33494
67319047,32810,34378
67325481,33568,33371
67328059,33086,33846
67330637,33030,33540
67333214,33461,34012
67335791,32990,33791
67338365,33598,34561
67340944,33238,34261
67343523,33286,33638
67346101,33430,34390
67348677,32473,33831
67351256,32546,34517
67353834,32339,34010
67356409,33056,33897
67358988,33483,33735
67361568,33187,34249
67364146,33549,34030
67366723,32889,34366
67369301,32862,34166
67371877,33087,34471
67374455,33317,33891
67377033,33861,34541
67379610,33547,34269
67382186,33688,33349
67384765,33464,34356
67391224,33650,34109
67393801,33956,34244
67396379,32260,33949
67398958,33515,33708
67401537,33876,33001
67404114,33597,34608
67406692,32886,33167
67409271,33911,33917
67411848,33277,33837
67414425,34034,34444
67417004,33897,33302
67419581,32853,33927
67422160,33478,33971
67424736,33854,33779
67427312,33923,34631
67429889,33781,34026
67432468,33251,33873
67435048,33094,34321
67437625,32329,33935
67440201,33927,34490
67442778,33807,34429
67445357,33062,34043
67447933,33216,34499
67455955,33198,33164
67458534,33888,34253
67461111,33365,33057
67463690,33646,33761
67466267,32860,34078
67468845,33898,32595
67471422,32783,34210
67474001,33130,34534
67476578,33864,34220
67479156,32892,34103
67481734,33228,33948
67484311,33729,34322
67486890,33389,33228
67489468,33363,34681
67492048,33652,34525
67494624,32838,33938
67497201,32672,33583
67499777,33390,33622
67502356,32489,34207
67504932,33457,34026
67507511,33354,32873
67510087,33040,34494
67512666,33581,34611
67520108,33511,34134
67522686,33233,34541
67525262,33130,34083
67527841,33077,34584
67530416,33158,34202
67532993,33252,33087
67535573,32608,33331
67538150,33255,34578
67540728,33718,33491
67543305,33274,34470
67545883,32965,34183
67548459,32035,33295
67551038,33145,33404
67553615,33498,33551
67556193,33286,34157
67558772,32788,34130
67561350,33605,33791
67563927,33751,33973
67566506,33349,33448
67569083,32526,34103
67571659,33478,33783
67574237,33794,33901
67576814,33797,34188
67579393,33053,34170
67585693,33924,34089
67588271,33709,33847
67590848,33732,33770
67593425,32067,34170
67596004,33965,33529
67598580,33354,34077
67601158,33969,34037
67603736,33965,33332
67606312,33245,32870
67608889,34113,33832
67611468,33353,33547
67614044,33990,33591
67616621,33713,33711
67619200,32781,33700
67621776,33069,34303
67624355,33256,33327
67626932,33351,33675
67629511,33514,34232
67632087,33358,34155
67634666,33830,33818
67637244,32621,33842
67639821,33601,33773
67642398,33657,33855
67648862,33489,32908
67651437,34063,33653
67654014,33196,33771
67656593,33311,34450
67659171,33355,33923
67661749,33816,34616
67664327,33061,34038
67666904,33049,34337
67669483,33611,34605
67672061,33179,32995
67674638,32798,33956
67677215,33528,34200
67679791,33738,34536
67682370,33417,33241
67684946,33546,33204
67687526,32604,33482
67690102,34007,33594
67692679,33600,33941
67695258,32617,33041
67697834,32827,34024
67700409,33106,34103
67702988,33238,33935
67705568,33887,34208
67712018,33153,34201
67714595,33538,33914
67717173,33187,34554
67719750,33460,33902
67722327,33419,34101
67724904,32462,34188
67727483,33484,33868
67730061,33559,34545
67732638,33411,34052
67735215,33046,34079
67737791,33006,34231
67740370,32067,33685
67742946,34022,34195
67745526,32827,33629
67748103,32714,33572
67750679,33156,33934
67753258,33682,34368
67755835,33610,34290
67758410,33108,33593
67760987,32985,34538
67763568,32603,34211
67766143,33274,34306
67768720,34028,33839
67775160,33134,33735
67777737,33591,34071
67780314,33834,34530
67782891,32885,34086
67785470,33443,33350
67788048,33142,32641
67790625,33860,33101
67793202,33526,34480
67795778,33321,33637
67798356,33427,34165
67800934,31894,33723
67803513,32750,33686
67806090,33877,33968
67808669,33452,34456
67811244,33842,34253
67813821,33336,34025
67816398,32981,34111
67818975,33591,33442
67821554,33445,34537
67824131,32947,33940
67826708,33863,33515
67829286,33266,34580
67831865,32360,34252
67834442,33593,33876
67840886,33526,33741
67843463,33643,34544
67846040,32594,33909
67848617,33551,34522
67851196,33885,33869
67853775,32870,34316
67856353,33199,34116
67858932,33248,34016
67861511,32910,33343
67864087,33577,34415
67866666,33860,34069
67869244,33464,34042
67871821,32289,32478
67874398,33677,33987
67876975,33478,34471
67879554,33143,34081
67882130,33886,34536
67884707,33644,34204
67887284,33212,34473
67889863,31779,34138
67892441,33548,33156
67895018,33574,33922
67897595,33502,34261
67904070,33619,33822
67906648,32985,33435
67909225,32963,33040
67911802,32542,33615
67914382,33582,34112
67916960,33681,32903
67919540,32950,33183
67922116,32688,33295
67924693,33233,34750
67927272,33509,33920
67929850,33576,34111
67932427,33414,33859
67935004,33046,33617
67937581,33833,33098
67940159,32354,34099
67942736,32886,33673
67945314,33426,33916
67947891,32767,33723
67950470,33128,34555
67953048,33982,34146
67955625,33535,33181
67958201,32572,34103
67960778,34096,33522
67967227,33352,32719
67969804,33305,33343
67972382,32841,33959
67974960,33481,34196
67977539,33552,33077
67980117,32570,33968
67982693,32203,34002
67985271,33837,34181
67987848,34015,34398
67990425,32600,33630
67993004,33343,33339
67995581,33536,32953
67998159,33392,33804
68000736,33275,34097
68003314,33822,33859
68005891,33751,34068
68008469,33518,33915
68011048,33702,33856
68013624,33913,34015
68016201,33432,33755
68018778,33532,34190
68021357,33144,33183
68023934,33052,33023
68030252,33388,33733
68032828,33025,34391
68035405,33008,33622
68037984,32809,33798
68040564,33734,32917
68043141,33596,33551
68045719,33933,33924
68048297,33602,33564
68050874,32957,33749
68053453,33529,33911
68056029,33855,34026
68058606,33980,34247
68061185,32668,34118
68063764,33630,34369
68066342,32875,33898
68068920,33122,33801
68071498,33449,33220
68074077,33866,33659
68076654,33350,33149
68079231,33803,33857
68081808,33111,33330
68084385,33168,34141
68086964,33845,34120
68089542,32283,33335
68095843,32687,34582
68098420,33229,33706
68100997,33316,34060
68103579,33955,33897
68106156,32916,34438
68108734,33220,32762
68111311,33344,34198
68113890,33074,34060
68116468,33020,33802
68119044,33892,33789
68121621,33062,34651
68124200,33575,33676
68126776,33365,34386
68129355,33691,34133
68131933,33359,34500
68134511,33620,34115
68137088,33127,34408
68139666,33654,34075
68142245,33227,34436
68144825,32508,33387
68147402,33031,34639
68149981,33299,34145
68152561,32858,33518
68159074,33780,33378
68161652,33183,34042
68164229,33032,32182
68166805,33217,33604
68169382,32527,33841
68171961,33818,33720
68174539,33277,34416
68177116,33618,33504
68179692,32693,33099
68182270,32462,33079
68184848,33508,33526
68187426,33515,33765
68190005,33572,33849
68192581,33562,33488
68195160,33631,33919
68197736,32703,34009
68200313,33044,34036
68202889,33535,34289
68205468,33989,33667
68208044,33609,34470
68210621,34006,34173
68213200,33884,34511
68215777,33907,33915
68222232,32939,33290
68224810,32777,32505
68227387,32928,33599
68229965,33415,34057
68232544,32614,34092
68235121,33051,34152
68237698,32607,33546
68240277,33694,34216
68242852,33301,33987
68245432,33676,34126
68248009,33191,33666
68250587,34180,33600
68253164,32850,32534
68255743,33519,33954
68258320,31684,34122
68260897,33582,33410
68263477,33749,34556
68266057,33625,34355
68268634,33531,34297
68271211,33254,33915
68273790,33213,34136
68276368,33735,34590
68278946,33932,34084
68281524,33655,34237
68287965,32941,33581
68290546,33877,33772
68293123,33166,34174
68295700,32675,34444
68298279,33410,33774
68300857,33231,34195
68303433,33115,33087
68306010,33934,34147
68308589,34035,34505
68311166,33565,34551
68313745,33604,34408
68316322,33932,33549
68318899,33009,33692
68321480,33844,33249
68324059,32448,34132
68326637,32487,34292
68329214,32459,33816
68331791,33237,34267
68334370,32840,34469
68336947,33691,33498
68339524,32527,34325
68342102,32992,34017
68344678,32752,33798
68351118,33945,33885
68353695,34083,33741
68356273,33313,32320
68358850,34043,34216
68361426,32766,33391
68364005,33812,33435
68366581,33147,33968
68369159,33198,33559
68371736,33656,34418
68374312,33956,34315
68376889,33368,34517
68379468,32638,33952
68382048,33863,34532
68384625,33266,34277
68387202,33743,34101
68389777,32931,34010
68392355,32988,32529
68394933,32592,33953
68397512,33375,34221
68400087,33343,33218
68402665,33615,34046
68405244,33501,34053
68407821,33455,33948
68414327,32648,34129
68416905,33459,33629
68419483,34222,33505
68422062,32281,34591
68424639,32785,33768
68427216,33858,33846
68429793,33055,33989
68432371,34005,33736
68434949,33222,34456
68437530,33676,34194
68440107,34014,33146
68442687,33619,33603
68445263,32807,34189
68447843,33785,33971
68450421,33610,34663
68452997,33968,33374
68455578,32506,33836
68458157,33545,33673
68460736,32566,33823
68463313,33248,32954
68465889,32582,32736
68468468,33339,34354
68471048,33885,34723
68477559,33153,33811
68480138,32188,33705
68482715,33094,34641
68485293,33670,34489
68487873,33509,33700
68490452,33223,34298
68493029,32847,33267
68495606,33385,34065
68498185,34130,34506
68500764,33478,33135
68503343,33015,34504
68505920,32991,34599
68508498,33449,33474
68511077,33967,33273
68513655,34026,34099
68516231,33386,34287
68518808,33418,34061
68521385,33272,34243
68523964,34066,34080
68526542,33664,33972
68529119,33509,34159
68531696,33936,33594
68534276,33757,34304
68536852,33171,34623
68543232,34096,34181
68545808,33413,32410
68548385,33407,33890
68550964,32880,34112
68553542,33372,33509
68556120,33448,34312
68558697,33987,33488
68561273,33095,32950
68563851,33760,33628
68566428,33967,33449
68569005,33583,34233
68571581,34037,33077
68574160,33486,34386
68576737,32887,32998
68579314,33278,33051
68581891,33441,33127
68584470,33196,33377
68587048,33371,33683
68589624,32900,34543
68592201,33186,34058
68594778,33166,33790
68597357,33285,33342
68599934,33928,34384
68606286,33659,33703
68608865,33240,34121
68611441,33865,33290
68614018,32749,34104
68616595,33258,34020
68619173,33624,33653
68621750,33322,34495
68624327,32622,34025
68626904,33806,33549
68629482,33601,33478
68632061,34018,33322
68634638,33089,34191
68637215,32922,33966
68639791,33738,33964
68642369,34052,33494
68644946,33736,34393
68647526,33564,34600
68650103,32817,33720
68652679,32906,33527
68655257,33799,34005
68657834,32950,33118
68660411,33731,33633
68662988,33666,33829
68669438,33506,33514
68672015,34115,33061
68674593,33416,32405
68677171,33750,33222
68679749,33286,34182
68682327,33912,34350
68684904,33633,33174
68687483,33654,34335
68690061,33894,34179
68692638,32542,34220
68695214,32282,33329
68697791,33334,33870
68700369,32712,34175
68702946,33957,33242
68705526,33660,33905
68708103,33901,33001
68710680,32964,34196
68713258,31988,34071
68715836,33531,33878
68718413,33146,33542
68720990,32916,34194
68723570,32989,34542
68726147,32563,33703
68732615,32990,33806
68735193,33165,33802
68737772,33579,33842
68740349,32611,33723
68742926,32677,34469
68745505,33865,34293
68748083,33401,34225
68750660,33272,33713
68753237,33008,34048
68755814,32707,33773
68758393,32780,34433
68760972,33636,34248
68763553,33033,33929
68766129,33323,33949
68768706,33553,33734
68771283,32503,33385
68773862,33525,33327
68776441,32855,33975
68779018,33807,34567
68781595,33214,34192
68784173,33492,34252
68786750,33294,33664
68789327,33301,33780
68791905,33417,34344
68798356,32874,33532
68800933,33709,34094
68803511,33547,34465
68806088,33462,33550
68808666,32812,34019
68811244,32367,33789
68813821,33328,34124
68816398,33314,34353
68818975,33539,33966
68821553,33454,32984
68824130,33167,32739
68826707,32107,33929
68829284,33384,34219
68831863,33668,34331
68834441,32338,34256
68837018,32838,33790
68839594,32511,34658
68842172,32767,33986
68844750,33104,34368
68847327,33607,33967
68849904,31792,33407
68852483,33360,34247
68855061,33695,34580
68861505,33266,34137
68864083,32247,33972
68866660,33184,33356
68869237,33420,33657
68871813,33365,33502
68874392,33506,34214
68876972,33501,34394
68879552,33687,34308
68882129,33417,33647
68884706,32927,33846
68887284,33551,33328
68889862,33720,34157
68892441,33698,34569
68895018,32626,33853
68897594,33658,34230
68900173,32815,33570
68902750,31435,33192
68905327,33101,33752
68907904,33263,34115
68910483,33475,33952
68913061,33092,34465
68915638,33179,34639
68918215,33257,34422
68924678,33515,33212
68927257,34052,32885
68929834,33663,33677
68932409,33614,34120
68934988,33629,34041
68937568,33013,33333
68940146,33053,33543
68942723,33125,33666
68945299,33679,34145
68947876,32830,33211
68950455,33460,33833
68953031,32550,34408
68955608,33270,33582
68958185,33588,32761
68960764,33898,34694
68963343,32981,33451
68965920,33369,33999
68968498,32631,32959
68971076,32893,33868
68973655,33283,34139
68976232,33088,33736
68978808,33090,34125
68981385,33107,34220
68983964,33725,34508
68990421,33329,34582
68992997,33160,34596
68995578,33299,33793
68998157,33131,33819
69000735,33573,33539
69003312,33108,32921
69005890,33545,33759
69008468,33188,33842
69011048,33830,33259
69013625,33906,33621
69016202,33652,34318
69018778,33022,33883
69021357,33756,34277
69023933,33912,34161
69026511,33495,33855
69029088,33604,34104
69031667,33292,33594
69034245,32803,34303
69036825,33265,33924
69039402,33655,34095
69041981,34049,33750
69044560,33692,34185
69047138,32899,33985
69053458,33194,33561
69056035,33720,33657
69058612,32592,33341
69061189,33408,33960
69063767,33868,33805
69066344,33606,33976
69068923,32935,34056
69071502,31849,33546
69074079,33226,33894
69076656,33237,33601
69079235,33225,34488
69081812,33307,34327
69084391,33605,32903
69086971,33990,33870
69089551,32865,33326
69092129,33449,34042
69094706,33451,34578
69097284,33775,34188
69099862,33648,34587
69102441,33947,34388
69105018,33277,33917
69107594,33818,34080
69110172,32559,34232
69116470,32375,33563
69119047,33242,33870
69121624,33302,34501
69124201,31569,33616
69126778,33909,34264
69129356,32905,34547
69131932,34003,34317
69134511,33301,33579
69137088,33122,33417
69139666,33055,32594
69142244,32540,33492
69144821,32997,34195
69147398,33090,34188
69149975,32301,33785
69152553,32593,33383
69155131,32828,33336
69157708,33612,33944
69160284,32827,34569
69162862,31917,33823
69165441,33915,34180
69168018,32638,33676
69170595,33972,34237
69173174,33359,34641
69179628,32992,34200
69182205,33645,34608
69184783,33821,33871
69187361,33278,33886
69189937,33628,33404
69192515,32623,33813
69195092,33245,34234
69197671,33483,34136
69200246,33347,33690
69202825,33467,34041
69205402,33475,34199
69207981,33648,32693
69210560,32792,33476
69213138,33594,33479
69215715,32952,33739
69218294,32487,34350
69220873,33281,34155
69223452,34041,34230
69226029,33715,34274
69228606,33558,34545
69231185,32762,34450
69233764,33967,33813
69236343,33203,33379
69238920,33758,33800
69245377,32713,34007
69247954,33461,33635
69250532,32137,33389
69253108,33547,33816
69255687,33617,33527
69258264,33653,34617
69260843,33660,34112
69263421,33671,33979
69265997,33395,34165
69268578,33681,33923
69271157,32936,33967
69273736,33533,33373
69276312,33543,33418
69278890,33588,33614
69281468,33150,33571
69284045,32944,34038
69286622,33677,33779
69289201,33613,34492
69291778,33921,34128
69294356,33064,34014
69296933,32905,34416
69299511,33454,34185
69302088,33693,34214
69308539,33197,34201
69311116,33806,34536
69313693,33922,34666
69316271,33972,33890
69318848,33612,34498
69321425,32670,33510
69324004,33291,33935
69326581,33832,33395
69329160,33075,32673
69331736,33563,34137
69334313,33985,32993
69336890,32874,33876
69339468,33295,34538
69342044,32430,33852
69344621,33730,33939
69347200,32489,33407
69349777,33420,34204
69352355,33470,34321
69354933,32176,33784
69357511,33723,33813
69360088,31845,34102
69362666,32458,33171
69365245,33927,33843
69371684,33943,34208
69374262,33728,33857
69376838,33874,33841
69379415,33523,34547
69381992,34007,34288
69384572,33940,34035
69387149,33390,34172
69389728,33711,32417
69392305,33297,33947
69394883,33631,34178
69397460,33067,32847
69400039,33701,34345
69402617,31948,34080
69405196,32565,34222
69407775,33826,33804
69410354,33987,34208
69412932,33967,34104
69415511,33185,33095
69418088,32068,34420
69420667,33238,34344
69423245,33051,34554
69425824,33441,33848
69428402,32834,32425
69434949,33543,33356
69437530,33603,32909
69440106,33500,33586
69442685,32893,33475
69445262,33280,33368
69447841,32546,32949
69450419,31854,34201
69452996,33155,33689
69455577,32571,34079
69458156,33974,33438
69460733,33578,33912
69463310,33517,34310
69465889,32846,33920
69468468,32769,33816
69471047,33047,32726
69473624,33632,33703
69476201,34062,33907
69478778,33020,33808
69481356,33309,33555
69483933,33515,33017
69486512,32930,33915
69489087,34003,33225
69491666,33521,34003
69494244,32965,34542
69500693,33059,33689
69503271,33486,34296
69505848,33468,34234
69508426,33107,34036
69511004,33312,33782
69513581,32995,34536
69516160,32093,34290
69518737,33345,33544
69521314,33987,34613
69523891,33159,34198
69526470,33057,33449
69529048,33801,33659
69531625,32024,34518
69534202,33120,34225
69536779,33929,33781
69539357,34022,34174
69541934,33274,33965
69544512,33385,34488
69547089,33412,34139
69549669,33482,34600
69552246,33242,34067
69554825,32994,34318
69557402,33833,34409
69563723,33057,33240
69566299,33170,33373
69568876,33327,33472
69571454,32770,33874
69574031,33469,33659
69576607,32608,34085
69579185,32598,34126
69581764,33007,34474
69584342,33269,34666
69586919,33631,33881
69589498,33894,33583
69592077,32461,33718
69594655,33393,34065
69597235,32436,33800
69599812,33481,34208
69602391,33314,33894
69604972,33827,33198
69607552,33535,33728
69610129,32997,33929
69612706,33512,33318
69615283,33151,33752
69617862,33600,34114
69620441,33919,32860
69626743,33559,34114
69629320,32821,33867
69631897,33110,33800
69634480,33369,34233
69637058,33785,33997
69639635,33673,33468
69642211,34023,33926
69644789,32942,34131
69647367,33219,34034
69649946,34053,33913
69652524,33823,34166
69655103,33746,34252
69657679,34038,34667
69660258,34053,34321
69662834,33385,34079
69665411,33153,32760
69667988,33680,32507
69670568,33393,34469
69673146,33453,34044
69675723,33692,34351
69678299,32299,34122
69680876,33432,34500
69683455,32952,33973
69686031,34009,34188
69692488,33292,34482
69695064,32567,34264
69697641,32710,33614
69700218,33608,33917
69702795,33217,34111
69705374,33937,33793
69707950,32985,34258
69710530,33189,33233
69713106,33983,34241
69715685,32908,34034
69718261,33115,34252
69720838,33934,34165
69723415,33251,33260
69725992,33379,33713
69728572,33496,34173
69731148,33526,34602
69733727,32877,33875
69736303,33567,34208
69738881,32844,34007
69741458,33797,34128
69744035,33312,33929
69746612,34007,33635
69749189,33254,33744
69755652,33734,34007
69758228,33158,34483
69760805,33517,33845
69763382,33513,33899
69765960,33679,34246
69768539,33644,33815
69771117,32972,33832
69773693,33495,34424
69776271,32466,33874
69778848,33142,33969
69781425,33283,33552
69784004,33888,34026
69786581,33175,33684
69789160,33444,33706
69791736,33216,34250
69794314,33322,34504
69796891,33153,33896
69799470,33599,33064
69802048,32316,34332
69804624,33354,34484
69807201,32885,33470
69809778,33282,33724
69812357,33742,32525
69818793,33858,33469
69821372,32578,34497
69823950,32443,34223
69826531,32598,33935
69829108,32694,33649
69831687,33859,33511
69834263,33255,34392
69836841,33342,34637
69839419,33268,33669
69841995,33938,34523
69844576,32672,33976
69847155,32804,33971
69849731,33228,33428
69852308,32178,32871
69854887,33239,33801
69857464,33660,33555
69860040,33672,33265
69862617,33462,34136
69865196,32972,33944
69867775,33110,34137
69870354,32960,34395
69872933,33348,34424
69875511,32854,33932
69881973,33922,34059
69884553,33823,34563
69887130,33834,33775
69889708,33072,33135
69892284,33352,33157
69894863,32687,34565
69897441,34008,34790
69900018,33629,33606
69902595,33593,33809
69905173,33978,33790
69907750,33080,33740
69910327,33019,33477
69912904,33515,33815
69915483,33006,33867
69918062,33587,33612
69920638,33398,34106
69923215,33039,34026
69925792,33416,33458
69928370,33478,33876
69930947,33509,34637
69933526,33606,34232
69936103,33913,34272
69938680,32544,34524
69941257,32802,33133
69947715,33525,33721
69950294,32646,33795
69952873,32986,32775
69955453,33493,33975
69958029,33536,33786
69960605,33084,34480
69963185,33720,34483
69965764,33187,34568
69968342,32952,34188
69970919,33757,34338
69973498,33307,34486
69976077,32449,34009
69978655,33549,34103
69981232,33363,33363
69983808,33120,34400
69986386,33618,33684
69988964,32505,33257
69991543,33583,34432
69994120,33140,34292
69996696,33303,34368
69999275,32647,34267
70001852,33395,33230
70004431,33594,34535
70010888,33579,34077
70013466,33497,33834
70016044,32237,33969
70018621,32268,34244
70021200,33087,33754
70023776,33164,34029
70026353,33646,33009
70028929,32882,33848
70031508,33437,33618
70034087,33236,34086
70036666,33852,34518
70039244,32984,34222
70041821,33421,34165
70044398,33429,33642
70046975,32968,34053
70049553,33364,34553
70052130,32504,34096
70054708,32913,34254
70057284,33494,33721
70059862,33460,34169
70062441,33793,34278
70065018,33491,34508
70067595,33579,34183
70073913,33956,34042
70076494,34004,33388
70079070,33638,33678
70081649,33348,33948
70084226,32342,34118
70086803,32693,33945
70089382,33906,33818
70091961,32735,34452
70094539,33288,34301
70097116,33934,34008
70099692,33205,33664
70102271,33291,33726
70104848,33495,34350
70107426,33286,33595
70110004,33688,34192
70112581,33407,33975
70115160,33557,34067
70117737,33740,33288
70120314,33741,33352
70122891,33545,33853
70125469,32833,33371
70128048,32579,34178
70130625,32776,34172
70136926,33847,34266
70139505,34074,33719
70142083,33964,33989
70144660,32606,33130
70147237,32157,33787
70149813,33174,33932
70152392,33881,34104
70154972,32905,33725
70157552,33293,32971
70160129,33119,34636
70162706,33156,34274
70165284,33018,33103
70167863,32560,33770
70170441,33151,34074
70173018,33752,33846
70175595,32996,33397
70178173,33048,34164
70180750,33436,34230
70183327,33670,33734
70185904,32687,33504
70188483,33891,34394
70191062,33929,33764
70193639,33439,33526
70196216,33952,33740
70202721,34011,34217
70205299,33298,33654
70207876,33706,33929
70210454,32492,33320
70213031,32359,34322
70215607,33243,34148
70218185,33711,34454
70220764,33278,34304
70223340,33882,32807
70225917,32932,33971
70228496,33689,33724
70231076,33912,33837
70233654,33036,34341
70236231,33245,33806
70238808,33726,34243
70241385,33647,34159
70243964,33342,33858
70246542,33133,34587
70249119,33257,33669
70251696,33164,34113
70254276,33113,33611
70256852,33205,33465
70259428,33374,33795
70265940,33939,33996
70268518,33602,34054
70271096,33842,33293
70273677,33452,34101
70276255,33015,33426
70278834,33895,33651
70281411,32917,33489
70283988,33112,33337
70286568,33263,34106
70289146,33864,34058
70291723,33617,33452
70294301,32104,33601
70296878,32873,34022
70299455,33299,34142
70302032,33125,32519
70304609,33188,33404
70307186,32811,33433
70309764,33287,34093
70312342,33032,33721
70314919,33812,33100
70317498,32992,34482
70320077,33277,33707
70322654,33010,33658
70329153,33707,33665
70331730,33881,33245
70334306,33755,33385
70336885,33057,34029
70339463,33599,33985
70342040,32422,33016
70344617,33234,33533
70347196,33900,33280
70349775,33581,34129
70352353,33278,33676
70354930,33182,33918
70357509,33816,33968
70360087,33290,34056
70362665,32797,33857
70365244,32810,34396
70367821,33751,33790
70370398,33290,33999
70372974,32807,33893
70375553,33321,34606
70378131,32778,33361
70380708,33569,33187
70383285,33797,34091
70385863,33514,33707
70388441,33139,33687
70394940,33855,33956
70397519,32898,34288
70400099,33003,34477
70402677,32579,33426
70405255,33056,33893
70407833,33655,34288
70410409,33264,33361
70412988,33724,33288
70415568,33950,34385
70418146,33711,33927
70420723,33379,34245
70423300,32441,34222
70425876,32337,33850
70428454,32539,34587
70431031,33163,34562
70433607,33497,33991
70436185,33510,33675
70438764,33293,33074
70441343,33447,33709
70443920,32926,34338
70446498,33382,34240
70449077,33820,33942
70451655,33343,33565
70458112,33471,34168
70460690,32912,33648
70463267,32770,34432
70465845,32528,34173
70468422,33796,33703
70471001,32902,33337
70473579,32535,34339
70476158,33624,34549
70478736,32307,33933
70481314,33244,33283
70483891,33623,34590
70486469,33379,34639
70489048,32332,33779
70491624,33804,33093
70494201,33421,34142
70496778,32108,34412
70499357,34010,34391
70501934,33752,33157
70504513,32924,34067
70507091,33726,32600
70509670,33115,33878
70512246,32563,34593
70514824,32968,34244
70521280,33250,34062
70523859,33059,34607
70526437,32883,34063
70529014,33851,33844
70531593,32935,34113
70534171,32660,34174
70536750,32797,34223
70539326,33375,34515
70541903,32973,32071
70544481,33482,33810
70547060,34032,34141
70549638,33301,33907
70552215,33548,33767
70554791,33156,34151
70557370,33329,34476
70559946,33682,33492
70562526,33556,33583
70565103,32394,34466
70567679,32715,33376
70570257,33444,34089
70572834,33438,34182
70575411,32601,33992
70577988,32888,34269
70584303,33300,34064
70586881,33057,34315
70589458,33182,32436
70592035,32841,33458
70594612,32986,34389
70597188,33396,33469
70599767,33770,32756
70602344,32581,33941
70604923,33424,33285
70607501,33748,33944
70610079,33533,33685
70612656,33813,34170
70615235,33546,33352
70617812,33426,33467
70620391,33331,34465
70622972,33911,32875
70625552,32515,34132
70628129,33908,34572
70630706,33162,33466
70633284,33613,34362
70635863,32378,32258
70638441,33444,33576
70641018,33540,33738
70643595,32661,33108
70649955,33178,33502
70652533,32840,34183
70655110,33574,34019
70657689,33961,33681
70660267,33397,32955
70662845,33235,33817
70665422,33825,33819
70668001,31799,33433
70670578,33813,34197
70673156,33286,33915
70675734,33350,34131
70678311,33131,33229
70680890,33587,34020
70683467,33583,34176
70686044,33643,33778
70688621,33332,33762
70691200,33761,34413
70693777,32966,33850
70696355,33575,33781
70698933,33010,34189
70701511,32767,34087
70704088,32904,34113
70706667,33749,34461
70713118,33205,33443
70715695,33670,34542
70718274,32857,34008
70720851,32542,34016
70723428,33599,34120
70726005,33812,32943
70728581,33664,33702
70731159,33319,34251
70733736,33237,33810
70736312,33277,34653
70738890,33624,33833
70741468,33982,33756
70744045,33686,32836
70746622,33918,33746
70749201,32941,33379
70751778,33685,34343
70754357,33266,33214
70756933,33497,33534
70759511,33152,33142
70762088,33376,33912
70764666,33268,34011
70767245,33055,33503
70769821,33686,34546
70776276,33460,33843
70778852,33156,33933
70781432,32741,32975
70784009,33980,34023
70786586,33150,34278
70789163,32632,34000
70791740,32890,34288
70794316,33190,34121
70796893,32761,32250
70799472,33596,34258
70802049,33283,33716
70804628,31827,33125
70807205,31928,34126
70809784,32580,34060
70812361,33200,33681
70814939,32810,33031
70817518,33161,34012
70820097,32962,34107
70822676,33308,33860
70825255,33501,34306
70827834,33805,34143
70830409,33038,33946
70832988,32470,34290
70839432,33944,33724
70842009,32627,34106
70844587,32837,33330
70847164,33661,34321
70849740,33470,34294
70852316,32023,33748
70854893,32789,34144
70857475,33172,33882
70860052,33318,34010
70862630,31930,33663
70865207,33282,33709
70867785,33723,34184
70870361,32874,33168
70872940,33845,33597
70875519,34036,34401
70878098,32812,33600
70880677,33122,33799
70883255,32548,34372
70885834,33689,33383
70888411,32877,34529
70890988,33291,34283
70893569,33151,34228
70896146,32895,34131
70898723,33332,34322
70905160,32400,34460
70907737,33281,34480
70910314,32613,34393
70912891,33074,33203
70915470,32885,33951
70918047,33165,34162
70920624,33213,34054
70923201,33582,33878
70925778,32579,33976
70928357,32581,33451
70930932,33277,33844
70933511,33378,34037
70936087,33270,33313
70938666,32658,34097
70941244,33463,34195
70943821,33582,33745
70946398,32498,34017
70948975,32969,33584
70951553,32956,33743
70954130,33593,34139
70956707,33739,34124
70959284,32673,33064
70961863,32841,33603
70968316,32861,33277
70970893,32618,33933
70973472,32066,33738
70976049,33124,34215
70978628,33626,33751
70981205,31538,33850
70983784,32855,33873
70986360,32003,34509
70988939,33813,33235
70991518,33994,34388
70994097,34011,33806
70996677,33632,34270
