Inter-sample gap (us): 50
Inter-average gap (us): 500
Samples averaged: 20
Format: micros(), A0, A1 
55929312,32711,32839
55931889,33577,33622
55934466,33495,33701
55937042,33668,33361
55939619,33471,34528
55942198,33721,34336
55944775,32833,33347
55947353,33199,34423
55949929,32901,33708
55952508,33450,34219
55955087,33241,33650
55957664,32973,34525
55960241,32888,34442
55962817,33796,34331
55965395,33100,33535
55967973,32621,32618
55970553,32855,33258
55973130,33897,34567
55975706,33096,33450
55982015,32887,34515
55984593,33300,34666
55987171,32585,34428
55989749,33452,33565
55992326,32488,33687
55994902,32832,33798
55997480,32569,34194
56000058,33909,34018
56002634,33053,33593
56005210,32168,33915
56007789,33572,34202
56010365,33877,33568
56012943,33419,34023
56015521,32342,34261
56018099,32915,33801
56020677,33005,34449
56023255,33867,34613
56025830,33260,33673
56028407,33310,33732
56030985,33146,34610
56033564,33942,34256
56036140,33612,34296
56038717,32645,33317
56045163,33292,33180
56047739,32874,34093
56050316,32836,33255
56052892,32833,33359
56055470,32955,33943
56058048,33530,34492
56060624,33290,34180
56063201,33808,34068
56065776,33107,33802
56068353,33577,34495
56070929,33375,33311
56073507,33554,33515
56076087,33730,33971
56078664,33636,34533
56081240,33564,33535
56083817,33615,33971
56086395,33232,34226
56088972,33073,33319
56091552,32667,33397
56094128,33120,33716
56096704,32724,34030
56099283,33093,34249
56101861,33553,34636
56104437,33896,33621
56110894,33209,33875
56113475,33350,34169
56116051,33243,33807
56118629,33271,34518
56121205,33628,34532
56123783,33159,34151
56126359,32706,33966
56128934,32006,33634
56131511,33427,34315
56134087,33880,33693
56136665,33307,34003
56139240,33400,34681
56141817,32770,34169
56144394,33961,34219
56146972,33954,33742
56149552,33319,33932
56152128,32768,34067
56154704,33612,34011
56157284,33687,34357
56159862,33627,33589
56162438,33402,31697
56165014,33289,33981
56167592,33529,33320
56174027,33333,34203
56176604,33685,34406
56179181,32924,33546
56181758,32858,34180
56184335,33270,33214
56186910,32746,34177
56189490,33919,34490
56192066,33695,33529
56194642,32800,34206
56197218,32753,33485
56199794,33252,34294
56202372,32894,33877
56204950,33915,34066
56207529,33204,34085
56210105,33681,33809
56212681,33521,33994
56215258,33261,32806
56217834,31574,33177
56220410,33381,33812
56222987,33062,33165
56225567,33420,33807
56228143,33275,33273
56230719,33541,33964
56237158,33740,34447
56239735,33654,34408
56242311,33421,34083
56244889,33644,33561
56247467,32917,34108
56250044,33660,34647
56252620,33415,33245
56255199,33638,33601
56257775,33576,34061
56260352,33989,33831
56262928,33121,34150
56265507,32955,33831
56268087,33613,34248
56270665,33862,34270
56273241,33649,34288
56275817,32977,33936
56278394,33566,32767
56280972,32808,32969
56283552,32512,33020
56286129,33593,34042
56288706,33492,34162
56291283,33137,33687
56293861,33965,34289
56300316,32675,33658
56302891,33398,34566
56305469,33578,33444
56308046,33283,34041
56310622,33661,33355
56313201,33581,34437
56315777,33520,33814
56318355,34138,34677
56320932,33552,34442
56323509,32835,33893
56326087,33297,33309
56328664,33064,33123
56331240,33242,33867
56333816,33261,33477
56336394,32452,34199
56338972,33483,33136
56341552,33925,33990
56344128,33820,34083
56346704,33561,34430
56349283,32912,33212
56351861,33836,34368
56354437,33915,33755
56357014,31688,34138
56359592,33449,34105
56366040,33473,34077
56368615,33689,34351
56371190,33300,34617
56373767,33504,33308
56376344,33636,33784
56378922,32670,33878
56381500,31597,33498
56384079,32230,34430
56386655,33431,33768
56389230,33852,33818
56391805,33659,33814
56394382,33989,34515
56396959,32892,33979
56399539,33646,34791
56402114,33757,33043
56404692,33906,33962
56407270,32682,33673
56409848,32522,33674
56412423,33941,33245
56414999,33140,33731
56417579,33656,34319
56420156,32905,33234
56422732,32847,34277
56429049,33544,34501
56431628,32925,34605
56434204,32746,34452
56436780,33101,33684
56439357,33421,33967
56441933,34047,34633
56444511,33585,34701
56447087,33657,34259
56449665,32149,33488
56452241,33727,33739
56454817,32741,34008
56457394,33535,33278
56459972,34066,33185
56462552,32595,33817
56465129,33273,34596
56467704,32661,33833
56470283,33483,33971
56472861,32502,34495
56475437,33589,33767
56478014,33256,34256
56480592,33745,33892
56483168,33465,33791
56485746,33884,34518
56492040,33563,33637
56494615,33159,33749
56497193,33647,34073
56499771,33351,33793
56502346,33764,33964
56504924,33316,33757
56507502,33136,33858
56510079,33229,34267
56512655,32933,33334
56515231,33835,34230
56517806,33381,34563
56520382,33696,33711
56522960,33877,33702
56525539,32752,33880
56528116,32872,33718
56530693,32739,34118
56533271,33774,32971
56535848,33293,34138
56538424,33591,33274
56541002,33695,34584
56543578,34082,34592
56546156,33560,34255
56548732,33851,33369
56555186,33038,34588
56557763,32633,33996
56560340,32924,34038
56562915,33753,33313
56565496,33484,34074
56568073,33436,33793
56570651,33277,34414
56573227,33384,34228
56575804,33647,33080
56578382,32755,33050
56580959,33222,33892
56583539,33418,34097
56586114,33554,34461
56588692,33050,34255
56591270,32595,34289
56593848,33226,32457
56596424,32456,34544
56599002,33829,33520
56601579,33420,33860
56604157,33548,34303
56606733,33263,34244
56609309,33404,33411
56611887,33660,33651
56614463,33280,33445
56620923,32384,33924
56623500,32826,33578
56626079,33917,34111
56628655,33646,33794
56631231,32994,34134
56633806,32726,33949
56636382,33885,33545
56638960,33765,32698
56641540,33283,33789
56644116,33493,34035
56646692,32742,33561
56649270,33137,33832
56651848,33125,33670
56654424,32849,33715
56657002,33529,34421
56659579,32882,34614
56662156,33375,34367
56664732,32648,33908
56667309,32475,34587
56669887,32838,33651
56672463,33565,33930
56675040,33863,33773
56677617,33201,34069
56684106,33786,33702
56686681,32697,33822
56689258,33277,33779
56691834,33517,34330
56694411,33035,33903
56696988,33602,34576
56699567,33664,32671
56702143,33333,34499
56704719,32862,33125
56707297,33960,34449
56709873,33220,33629
56712451,34046,33753
56715027,33260,33777
56717603,34091,34180
56720181,33241,33536
56722758,32831,34547
56725335,33133,34355
56727911,33175,33739
56730491,32779,33558
56733067,33699,34476
56735645,33308,34602
56738220,33282,34601
56740796,33908,32727
56747284,33120,34143
56749862,33269,34162
56752437,32908,34080
56755013,33294,34427
56757592,33159,33309
56760168,33116,33556
56762746,31943,33590
56765322,33053,34210
56767898,33291,33210
56770480,33864,34381
56773058,33280,34450
56775634,32851,33713
56778210,33123,33276
56780788,33238,33462
56783365,33361,34129
56785942,33466,34192
56788520,32623,33885
56791099,33027,34168
56793677,32732,34541
56796254,33443,34263
56798830,32929,33754
56801407,32236,33922
56803984,33628,34058
56806564,32891,34228
56813074,32245,34164
56815652,31599,34257
56818228,33922,33825
56820804,33845,34024
56823382,33265,34131
56825959,33829,33450
56828539,33083,34601
56831115,33055,33238
56833693,32894,34457
56836271,33290,32591
56838848,33593,33389
56841424,33140,33181
56844002,33566,33918
56846579,33355,33794
56849157,32178,32963
56851732,33578,34501
56854309,33961,34242
56856887,33536,34375
56859463,33623,34229
56862040,33164,33488
56864616,33952,34036
56867194,33683,34511
56869772,32585,33038
56876283,33386,34271
56878861,33310,33992
56881437,33269,33112
56884014,34049,34573
56886592,33619,34061
56889168,33884,33466
56891745,31868,32948
56894322,33688,32000
56896898,33050,34006
56899478,33371,33494
56902055,33232,34365
56904631,33054,34081
56907207,32543,34477
56909785,32261,33950
56912361,33129,33930
56914940,33590,34157
56917518,32760,34020
56920097,33498,33284
56922677,33742,33818
56925256,33444,34329
56927832,33934,33587
56930409,33611,34001
56932986,32323,34253
56939310,32694,34141
56941887,33294,33832
56944464,33599,34040
56947040,33567,34504
56949616,33543,33543
56952195,33414,33731
56954775,33349,33612
56957353,33317,34371
56959929,33196,34293
56962507,33955,34549
56965084,33460,34253
56967660,33133,34093
56970236,33856,34516
56972813,33145,34674
56975391,33541,33732
56977968,33431,34189
56980548,33239,34614
56983125,33736,33998
56985702,33605,33113
56988280,33078,33406
56990856,32775,34434
56993433,32957,33832
56996008,33620,34082
57002307,33908,33596
57004885,32884,34370
57007461,33154,33683
57010039,33221,34322
57012615,33319,34559
57015193,32698,34205
57017771,33739,33785
57020350,33622,33739
57022925,33354,33964
57025503,32554,33414
57028081,33577,34515
57030657,33106,34300
57033235,33150,34303
57035811,32805,33973
57038386,33810,34304
57040964,32333,34034
57043542,33737,34610
57046118,33071,33494
57048692,32236,34501
57051270,33835,33951
57053847,33614,33793
57056424,32936,33004
57058999,33679,34431
57061578,33142,34070
57068025,32899,33216
57070600,32645,33204
57073178,33622,34439
57075753,33020,34447
57078329,33374,33125
57080906,33668,34480
57083483,34019,32630
57086061,32950,34037
57088637,33572,34407
57091213,33501,34154
57093791,33514,34290
57096369,33246,33727
57098946,33231,32697
57101524,33772,33817
57104102,32670,33845
57106677,33149,34272
57109255,32950,33568
57111832,33891,34341
57114409,33890,34396
57116987,32046,34491
57119567,33527,33716
57122144,33482,34553
57124720,33780,33696
57131181,33458,34272
57133758,32489,33324
57136335,33154,33600
57138911,33839,33230
57141492,32815,34618
57144069,33195,33785
57146647,32969,33580
57149223,33729,33860
57151800,33582,34202
57154378,33547,34376
57156955,34046,34476
57159532,33553,33501
57162108,32640,34177
57164686,33366,33929
57167261,33244,33383
57169838,34079,34386
57172414,33568,33632
57174989,33225,34173
57177569,33788,34263
57180146,33529,34141
57182723,33553,33702
57185299,33039,34027
57187874,33212,33888
57194313,33065,34325
57196890,32548,32871
57199468,33600,33029
57202044,33699,34392
57204620,33944,32605
57207199,33475,33636
57209775,33338,34494
57212353,33388,33982
57214929,33291,34269
57217507,34062,34135
57220087,33110,34232
57222665,33921,33774
57225241,31721,33346
57227817,33652,34195
57230395,33375,34257
57232973,33291,34082
57235552,32870,32803
57238129,32818,34260
57240705,33350,34207
57243284,33200,34087
57245862,33234,34384
57248438,33555,34502
57251014,33143,33286
57257455,33401,34132
57260031,33096,33919
57262607,33448,34300
57265185,32838,34229
57267763,33252,34000
57270339,32843,33346
57272915,33077,33430
57275495,33091,34705
57278074,33109,34185
57280652,33553,34176
57283228,33349,33145
57285804,33410,33823
57288382,33255,34124
57290960,33734,34492
57293539,33681,33910
57296115,33555,33592
57298692,32629,33549
57301269,33677,33788
57303847,33233,34175
57306424,32763,34113
57309002,33465,34406
57311579,33950,33922
57314157,33682,34401
57316733,33659,34173
57323190,33392,34641
57325768,33719,34265
57328344,33576,34273
57330921,33311,33478
57333498,33645,33496
57336075,33479,34015
57338652,33346,33842
57341228,33879,33545
57343804,33907,33837
57346382,33525,34097
57348960,33521,34414
57351539,33389,33056
57354116,33396,32295
57356693,33703,33311
57359271,33523,34659
57361848,33256,34396
57364424,33089,33569
57367003,32612,33440
57369579,33262,33406
57372157,33915,33606
57374733,33682,34255
57377309,33063,33669
57379887,32915,32937
57386343,33052,33932
57388919,33372,34359
57391496,32602,34257
57394074,33228,34500
57396652,33976,34236
57399228,33272,33727
57401804,33861,33473
57404382,33871,33463
57406960,33184,34574
57409539,33348,33521
57412116,32919,33904
57414693,33003,34253
57417270,32917,33898
57419848,32755,33446
57422424,33238,34629
57425003,33446,33079
57427578,33847,34438
57430156,33478,33972
57432732,33600,34221
57435309,32510,34234
57437887,33516,31989
57440463,33199,33416
57443040,33381,33866
57449412,33098,34317
57451988,33326,33759
57454568,33800,34539
57457144,33202,34549
57459719,33032,33720
57462297,32473,34415
57464874,33242,33509
57467452,33746,34002
57470028,33656,33874
57472605,33814,33939
57475185,32710,33317
57477763,32944,34326
57480339,33466,34460
57482915,33683,34412
57485494,33041,34171
57488070,31809,34057
57490647,34059,33825
57493224,32850,33150
57495800,33208,34472
57498378,33446,33719
57500955,33025,34203
57503532,33299,33356
57506108,34053,32995
57508687,32350,34286
57514986,33736,33470
57517565,33912,33404
57520140,33660,34397
57522716,33353,34135
57525293,33442,34125
57527873,33333,33536
57530451,33170,33753
57533027,33056,34359
57535604,33366,34058
57538181,33410,32989
57540758,33759,32934
57543335,33504,33946
57545911,33029,33217
57548492,32978,33602
57551069,33155,33335
57553647,33017,34333
57556224,33324,33399
57558800,33520,34509
57561378,33586,33352
57563954,33228,34542
57566532,32577,34049
57569108,33245,34163
57571686,32629,34322
57578199,33893,33790
57580775,32727,34619
57583353,33838,33240
57585929,33598,34235
57588507,33852,33652
57591087,33601,33952
57593665,33293,34286
57596240,33084,33320
57598817,33501,33364
57601395,33368,33644
57603972,32826,32643
57606551,33975,34369
57609127,33231,34207
57611704,33108,34314
57614283,34027,34109
57616861,33632,34623
57619437,33324,33510
57622014,32653,34118
57624592,33835,34233
57627168,33630,33363
57629745,33359,34040
57632321,33340,34364
57634897,33526,34132
57641414,33363,33066
57643990,33619,33464
57646570,33393,34134
57649146,33892,33346
57651722,33525,34291
57654299,33303,34461
57656874,33549,33879
57659450,33614,33095
57662026,33162,33311
57664602,32904,33287
57667180,33923,33990
57669757,32810,33396
57672335,32769,33735
57674910,33670,34284
57677490,33938,33510
57680065,34016,33572
57682640,33679,34041
57685215,33567,33541
57687790,32674,33697
57690367,33115,33045
57692945,33062,34184
57695523,32709,33771
57698101,33169,33683
57704598,33918,33188
57707175,32946,33148
57709753,33328,34161
57712329,33522,34502
57714904,32839,34332
57717482,33830,33567
57720059,33219,34355
57722635,32933,33673
57725211,33634,34501
57727789,32540,33802
57730365,33959,33765
57732942,33251,33821
57735520,33627,34618
57738099,33513,34051
57740677,33788,34651
57743255,32944,32701
57745832,33187,34379
57748409,33807,33286
57750986,33549,33479
57753566,33313,33853
57756142,32745,34354
57758719,32755,34181
57761296,33586,34113
57763873,33978,34276
57770362,33294,34253
57772940,33320,33430
57775518,33582,34160
57778097,32933,34390
57780677,33118,34418
57783254,33633,34233
57785830,32926,33598
57788405,32959,32909
57790983,33525,33828
57793562,33365,34117
57796138,33379,34579
57798715,33240,33774
57801292,33430,33873
57803869,33502,33443
57806445,33522,32762
57809021,32953,33318
57811597,33395,33941
57814173,33403,34283
57816750,33588,33484
57819326,32993,33783
57821902,32913,32688
57824480,32658,33593
57827057,33217,33421
57833564,33735,34090
57836138,32487,33205
57838715,32642,33103
57841292,32631,33436
57843869,33589,33990
57846445,33976,34308
57849021,32923,34267
57851596,33350,34341
57854174,32763,34071
57856750,33392,33557
57859326,32627,33746
57861902,33427,34011
57864481,32430,33879
57867059,32756,34431
57869634,32773,33276
57872211,33288,34429
57874789,33872,33870
57877365,33828,34418
57879943,33294,33635
57882520,32425,34543
57885099,33718,34154
57887677,32984,34081
57890254,33913,34405
57896769,33643,34113
57899345,33385,33018
57901923,33557,34051
57904501,33398,33775
57907079,33897,34353
57909655,32364,34199
57912231,32647,33215
57914807,33673,34712
57917382,33028,33555
57919960,33780,34182
57922539,33523,33704
57925116,33706,34649
57927692,32884,34231
57930270,33083,34035
57932848,33179,32743
57935423,32268,33931
57937999,33325,33693
57940579,33942,33835
57943156,33323,34328
57945732,33480,34296
57948308,33320,33941
57950885,33469,33906
57953462,33494,33548
57959781,32740,32775
57962357,33558,33476
57964933,33310,33897
57967510,33298,33981
57970087,33153,33573
57972665,33992,33717
57975241,32839,34262
57977817,32455,33771
57980396,33625,33620
57982972,33585,34463
57985552,33965,33869
57988129,33743,33678
57990704,32558,33731
57993284,33935,34555
57995861,33428,33313
57998436,32057,33984
58001012,33981,34478
58003589,33650,33671
58006165,33661,33614
58008743,33312,33871
58011318,32896,33982
58013893,33624,34427
58016472,32609,33991
58019048,33611,34530
58025347,33212,34203
58027925,33095,33496
58030503,33549,33360
58033081,33230,34082
58035657,33305,34445
58038235,32712,34520
58040809,33495,34395
58043385,32674,34311
58045962,32668,33986
58048539,33151,33276
58051116,33832,34069
58053692,33441,34170
58056270,33366,34007
58058848,33862,34032
58061424,33469,33127
58064002,33301,34104
58066578,32949,33616
58069156,33194,33960
58071732,33223,34083
58074309,33332,33899
58076887,33266,34103
58079464,32882,33864
58082040,33864,34250
58088496,33570,33898
58091074,33442,34247
58093651,33111,33359
58096228,32464,34042
58098804,32649,34680
58101382,33936,34136
58103959,32908,34015
58106539,33246,33694
58109115,33088,33827
58111693,33625,33510
58114271,33204,33972
58116848,34035,33470
58119424,33544,33681
58122002,34051,33632
58124579,33523,33929
58127156,33399,33933
58129732,32773,33545
58132308,32409,34088
58134886,33637,33833
58137463,32934,34101
58140040,33997,34170
58142615,32871,34343
58145193,33478,33960
58151639,33415,33232
58154214,32083,33599
58156791,33222,34157
58159368,32099,33990
58161946,33765,34105
58164524,32922,33362
58167101,32944,33667
58169677,32123,33979
58172256,32735,34178
58174832,32735,33295
58177408,33633,33705
58179985,33630,33512
58182562,33425,33577
58185138,33498,34126
58187714,33907,34391
58190292,33682,33132
58192869,33693,33575
58195445,33571,33054
58198021,33678,34615
58200596,33445,34095
58203174,32631,33414
58205750,33006,33851
58208325,33370,33042
58210901,32711,34194
58217360,33469,33952
58219936,33876,34614
58222513,31991,33641
58225090,32468,33210
58227667,34050,34267
58230245,33802,33624
58232821,33516,33683
58235397,32833,33619
58237973,33262,32656
58240553,33899,33846
58243129,33277,33813
58245705,33896,33698
58248283,33643,34029
58250861,33649,34183
58253437,33892,33978
58256014,32742,34589
58258592,33649,33615
58261168,32280,33480
58263746,33288,33528
58266322,33522,33958
58268898,33829,34350
58271479,33615,33111
58274057,33747,34215
58280497,33161,33450
58283075,33075,34200
58285652,33444,34546
58288228,32941,33361
58290804,33335,32761
58293382,34017,34262
58295959,33025,33002
58298539,33197,34178
58301116,33786,33922
58303692,33861,33792
58306270,32179,34321
58308848,32765,34186
58311424,33893,34177
58314002,33263,33612
58316579,33299,33378
58319157,33913,33990
58321733,33391,33699
58324309,32676,33894
58326887,33073,33119
58329463,33550,33785
58332040,33781,34110
58334615,33501,34296
58337193,33754,34596
58343660,33141,33989
58346237,33030,33713
58348813,33912,34394
58351391,33301,34402
58353968,33610,32776
58356548,33573,34265
58359125,33279,34311
58361701,33942,34102
58364280,33312,33662
58366856,33081,34504
58369433,32669,33793
58372009,32568,33893
58374586,33752,34322
58377163,33625,34498
58379739,33173,33247
58382314,32942,33220
58384889,33160,33977
58387467,33749,34464
58390044,33316,34455
58392620,32727,34476
58395198,33178,33339
58397775,33535,34056
58400353,33428,34468
58406826,33982,34417
58409403,33995,33656
58411981,33458,34491
58414558,33431,32922
58417136,34140,34318
58419712,33171,34099
58422288,33307,33663
58424866,33116,34202
58427441,32769,34166
58430018,33843,33774
58432594,33032,33684
58435171,33320,33495
58437749,33221,34653
58440326,32656,34211
58442902,33467,34232
58445480,33568,33967
58448058,33336,33091
58450634,33757,34479
58453210,33645,33344
58455789,33645,33432
58458364,33856,34176
58460942,33946,34061
58463520,33311,32613
58466098,33096,33745
58472470,32385,33584
58475047,33807,34287
58477624,33326,33719
58480202,32793,33879
58482777,33393,34705
58485355,34057,33434
58487932,33984,34004
58490511,33603,33044
58493087,33675,34060
58495665,32912,34008
58498241,33477,34357
58500817,33584,33968
58503395,33575,33490
58505973,33331,33374
58508553,33827,33603
58511129,33070,33943
58513704,33081,34052
58516284,32931,33951
58518861,33605,33987
58521437,33186,34465
58524014,33161,34655
58526592,33887,33545
58529168,32712,32332
58535513,33795,34188
58538087,32480,34156
58540665,33034,33278
58543241,33421,33918
58545818,34024,34128
58548394,33549,32694
58550972,33630,34117
58553552,33284,34550
58556128,33667,33519
58558704,32846,33529
58561284,33270,34071
58563862,32695,34204
58566437,32975,33992
58569013,33006,34173
58571591,33753,34344
58574168,31822,33557
58576746,32756,34135
58579322,32460,33447
58581898,32392,33542
58584478,33659,33580
58587055,33654,34088
58589630,33169,34219
58592207,33328,33820
58598706,32707,33795
58601283,33279,34351
58603861,33759,34496
58606437,32746,34403
58609014,32814,33356
58611592,32629,34080
58614169,33120,33616
58616746,33342,33651
58619322,33949,34602
58621898,33611,34556
58624480,33482,33428
58627057,33175,33363
58629633,32558,34220
58632209,33363,33874
58634787,33363,34186
58637363,33335,33861
58639942,32847,33516
58642520,33127,33978
58645098,33644,33843
58647677,33657,33057
58650255,33246,34029
58652832,33993,33905
58655409,33781,34078
58661919,33615,34213
58664496,33572,33341
58667073,33993,33567
58669650,33924,34196
58672227,32568,32949
58674802,32714,33787
58677382,33258,34529
58679960,34002,33138
58682539,32765,33819
58685116,33057,34550
58687692,33846,34206
58690270,33374,33458
58692848,33239,33399
58695422,33800,33962
58697998,33889,33696
58700579,33113,33892
58703156,33553,34086
58705733,32234,33043
58708309,33404,33677
58710887,32939,33888
58713463,33125,33766
58716040,32712,34559
58718616,33350,34676
58721194,33914,33885
58727689,33572,34134
58730266,33182,34430
58732844,33064,33839
58735421,33342,33519
58737997,33625,33891
58740578,33519,34581
58743156,33576,33116
58745732,33658,34616
58748308,33969,34091
58750887,32702,34296
58753463,33278,33833
58756040,33536,33166
58758617,33314,32673
58761195,33174,34348
58763775,33551,34454
58766352,33538,33814
58768928,33575,34064
58771507,33122,33544
58774087,33910,33561
58776665,32372,34043
58779241,33601,33399
58781817,32896,33441
58784395,32375,34169
58790834,33308,32385
58793409,33552,34196
58795988,33607,34147
58798567,33160,33838
58801144,32907,34275
58803720,33214,33778
58806297,32903,33750
58808874,33605,33323
58811452,32684,34064
58814028,33495,33736
58816604,32638,33967
58819182,33040,34207
58821758,32920,34183
58824335,33036,33537
58826910,33169,34332
58829490,33702,33967
58832065,33879,33927
58834641,34121,33954
58837216,33293,33289
58839792,33366,33768
58842370,32868,34243
58844946,33933,33670
58847524,33254,34089
58854031,34085,33968
58856607,33543,34203
58859185,33234,33810
58861763,32871,34449
58864341,33142,34659
58866917,33924,33858
58869496,32304,33855
58872074,33268,34003
58874652,33532,33635
58877228,33866,33541
58879804,31888,33595
58882382,33462,33779
58884960,33436,34119
58887539,33007,34227
58890116,33533,33669
58892692,33625,33525
58895269,33371,34190
58897847,33609,33861
58900423,33496,33732
58903000,33572,34188
58905579,33267,33761
58908156,33196,33759
58910733,31794,34133
58913309,32614,34730
58919819,32437,33477
58922397,32401,34225
58924972,33248,33794
58927551,33287,33318
58930127,32776,34263
58932703,32018,34471
58935284,33841,34027
58937862,33415,33341
58940437,33521,33666
58943014,33349,33995
58945592,33572,34264
58948168,33721,33364
58950746,32149,32683
58953322,32693,32804
58955898,32617,34196
58958480,32684,34534
58961058,33169,32633
58963634,33820,34047
58966210,32820,33942
58968788,33647,34485
58971365,33168,34700
58973943,32705,34285
58976521,33053,34581
58982845,32907,33726
58985420,32610,34308
58987997,33496,34244
58990578,32935,33733
58993156,33635,33590
58995732,33274,34035
58998307,33211,34059
59000885,32139,34179
59003460,33726,34516
59006038,34083,34243
59008615,33523,34357
59011190,33500,34344
59013767,33038,32968
59016342,32343,33973
59018917,33025,33781
59021496,33965,34229
59024074,32555,33831
59026652,33227,34280
59029228,33044,34102
59031804,33478,33672
59034382,33117,34349
59036959,33589,34523
59039539,33035,34282
59045841,32185,34713
59048417,33297,34579
59050993,33630,33415
59053572,33263,33396
59056148,33093,34526
59058726,33481,33044
59061303,33447,33729
59063878,32961,33641
59066455,33300,34515
59069031,33244,32960
59071607,33681,33959
59074185,33284,33932
59076763,33181,34194
59079339,33506,34009
59081915,33157,33510
59084494,32625,33637
59087070,32634,34227
59089647,32618,32233
59092223,33214,33836
59094800,32807,33635
59097378,33969,34365
59099955,33494,34305
59102533,33157,34115
59108993,33059,34241
59111572,33510,34122
59114148,32692,32448
59116726,33174,33975
59119301,33023,33984
59121877,33969,34032
59124454,33947,34082
59127030,33634,33885
59129606,33226,34118
59132185,32962,33481
59134763,32943,33571
59137339,33274,34339
59139915,33456,33888
59142495,33526,33895
59145070,31804,34286
59147648,34090,33472
59150224,33003,32839
59152800,33043,33550
59155378,33228,34528
59157954,33189,33959
59160531,33861,34273
59163108,33918,34002
59165687,33195,33514
59168263,33202,34574
59176261,33900,34532
59178838,33846,33966
59181412,33532,33558
59183987,33182,33448
59186567,33121,33851
59189144,32203,33500
59191720,33481,33995
59194299,33021,34267
59196874,33753,34406
59199452,33322,34311
59202028,33123,33631
59204604,33230,34218
59207182,34075,33909
59209758,33978,34056
59212333,33344,34105
59214910,33136,34153
59217488,33709,34045
59220065,33232,34158
59222641,33903,34074
59225217,32510,34121
59227793,33486,34455
59230371,33660,34317
59232947,32797,32787
59240509,33364,33435
59243087,33416,34326
59245664,33951,34315
59248240,33078,34364
59250817,33908,34065
59253395,33449,33208
59255972,32468,34557
59258552,33279,34568
59261127,33586,33182
59263704,32411,33764
59266283,33640,33797
59268861,34022,33184
59271437,33902,33930
59274014,33401,34284
59276592,32302,34257
59279168,33426,34533
59281746,32930,33770
59284322,33524,34364
59286898,33647,33872
59289480,33953,33699
59292058,33639,34007
59294634,33019,34537
59297210,33385,33718
59303640,33249,33634
59306216,32916,34447
59308793,32547,33800
59311370,33388,34054
59313946,33349,33953
59316525,32096,33754
59319102,34006,34254
59321678,33256,34021
59324256,33537,33572
59326834,32777,33206
59329411,32964,32172
59331987,32775,34506
59334567,33883,33317
59337143,33256,33314
59339719,33469,33662
59342297,33381,33530
59344874,33499,33990
59347451,32828,34017
59350027,32581,33413
59352604,33955,34721
59355181,33297,33911
59357758,32575,32323
59360335,33670,34609
59366791,33607,33696
59369368,33466,33602
59371945,33409,33987
59374522,33547,34115
59377100,33295,33462
59379677,32640,34167
59382255,32969,34316
59384832,32872,34052
59387408,33934,33306
59389986,33339,33299
59392566,33205,34247
59395142,33208,32594
59397718,34102,33468
59400295,33909,34030
59402874,33533,34073
59405451,33681,33319
59408027,33646,34231
59410603,33947,33583
59413181,32955,34220
59415758,33490,33317
59418335,34027,33904
59420912,33626,33771
59423492,32879,34313
59426070,33779,34430
59432530,32406,34576
59435106,33129,33714
59437685,32842,34149
59440260,33424,34236
59442836,33261,34154
59445413,32833,33231
59447989,33407,34243
59450569,33580,33907
59453146,34068,34580
59455722,33864,33561
59458299,32894,33873
59460875,33529,34036
59463453,32052,32115
59466028,33810,33667
59468604,32895,34675
59471180,32490,33224
59473758,33036,33766
59476335,32803,33773
59478910,33012,34619
59481490,31795,34293
59484066,32931,33777
59486642,32795,34522
59489218,33601,33847
59495597,33266,34134
59498174,33843,33612
59500750,32576,33645
59503326,32024,33383
59505902,32926,34230
59508481,33523,34367
59511058,33321,33479
59513634,32591,34142
59516211,33706,33607
59518788,33529,34046
59521365,33386,34371
59523942,32726,33211
59526520,32843,34206
59529099,32528,33302
59531677,33535,33390
59534254,33872,34099
59536830,33283,34193
59539407,32551,34109
59541984,33273,33683
59544564,34019,34370
59547140,33980,34212
59549717,33900,34232
59552296,33403,33787
59558592,33601,34410
59561169,33392,34243
59563746,33195,34314
59566321,32241,33067
59568897,33941,33782
59571477,33693,34174
59574054,32483,33153
59576630,33445,33670
59579207,32715,32712
59581785,32968,34319
59584361,33134,34252
59586936,32440,33742
59589514,31816,32800
59592089,33329,34441
59594667,32685,33731
59597244,33667,34200
59599821,33345,34460
59602397,32927,33836
59604973,32276,33638
59607552,33907,34299
59610129,33166,33803
59612704,33348,33502
59615284,32896,33358
59617861,32617,34145
59624305,32979,34506
59626883,33349,33493
59629458,32489,33302
59632034,33391,33483
59634609,32454,33843
59637185,33124,34245
59639763,33089,34698
59642341,32936,33443
59644917,33445,34496
59647496,32860,33929
59650074,33633,34562
59652651,33176,34346
59655227,33583,34187
59657804,34043,33761
59660382,33802,34202
59662960,33568,34173
59665539,33275,33650
59668116,32951,33337
59670693,32885,32972
59673270,33277,34612
59675848,32921,34311
59678424,33499,33817
59681003,33391,34096
59687469,33495,34081
59690045,34091,33647
59692621,33360,34276
59695199,32756,34068
59697775,33661,34017
59700353,34039,34193
59702929,33420,33533
59705507,33303,34750
59708087,32315,34534
59710665,33832,34376
59713241,33140,33796
59715817,32750,34543
59718395,32926,34116
59720973,32733,34223
59723553,32963,34140
59726129,32962,33850
59728705,32301,33802
59731283,33455,32935
59733861,33911,34367
59736437,33656,34549
59739014,33285,34068
59741592,33736,34448
59744168,34077,33198
59750667,33308,34169
59753244,33875,33379
59755821,32745,33255
59758397,33338,34063
59760973,33703,34177
59763553,32965,32660
59766129,33120,33940
59768705,33452,34285
59771284,32701,33707
59773861,32428,33383
59776437,33187,33428
59779013,32003,33705
59781591,33527,34005
59784168,33689,32854
59786746,32778,34098
59789322,33122,33559
59791898,33510,33502
59794480,32922,34300
59797058,33618,34545
59799634,32456,33824
59802211,33548,34104
59804789,33112,34339
59807365,33328,33939
59813860,33782,34113
59816436,33474,34302
59819012,33222,34186
59821590,33977,34634
59824168,33178,34262
59826746,33859,34506
59829322,33419,34295
59831898,33238,33735
59834480,33398,34237
59837057,33464,33699
59839633,32858,33746
59842210,33342,34697
59844789,34028,33533
59847365,33525,33674
59849942,33227,34335
59852520,31986,33939
59855099,33109,34476
59857677,32834,33575
59860256,33888,33580
59862832,33874,33401
59865408,33127,33688
59867986,33345,34029
59870565,33279,33515
59873140,33539,33537
59879654,33476,34176
59882230,31970,33136
59884806,33254,34091
59887382,33594,34161
59889960,32936,34395
59892539,33337,34390
59895116,33917,33271
59897692,33955,34040
59900270,32840,33106
59902848,33994,33661
59905424,32782,33916
59908002,32598,33907
59910579,32364,34354
59913156,33194,34232
59915732,33059,33957
59918308,34048,34258
59920887,33621,33452
59923463,34055,34278
59926040,32552,33148
59928617,32748,33411
59931195,33617,33672
59933775,33342,33795
59936353,32862,34190
59942859,33601,33604
59945435,32651,33357
59948012,33412,33274
59950590,32881,34420
59953167,33687,33650
59955745,33553,33318
59958322,33268,34451
59960898,33590,33917
59963479,33177,33409
59966057,33690,33102
59968633,34035,33763
59971210,32728,32894
59973789,32981,34392
59976365,32958,34233
59978943,33273,34229
59981521,32078,33550
59984099,34022,33782
59986677,32997,33247
59989255,33340,33980
59991831,33717,33431
59994407,33520,34139
59996985,31745,32805
59999565,33055,33580
60005882,32503,33713
60008458,33863,34535
60011034,32730,33715
60013610,32460,34458
60016185,32956,34563
60018763,32480,33281
60021339,32689,34397
60023915,32766,33776
60026495,34006,34196
60029073,32813,34634
60031650,32884,34528
60034226,33393,33866
60036802,33192,34142
60039382,33844,34135
60041960,33332,34472
60044539,33071,33581
60047116,33453,33924
60049692,33250,33804
60052270,33563,34271
60054848,33232,34010
60057424,33850,34423
60060003,32631,34013
60062579,33895,33766
60068876,33288,33582
60071454,33586,33179
60074030,33662,33145
60076606,33922,34601
60079185,33107,33472
60081763,33199,34064
60084339,32985,33535
60086915,33872,34133
60089494,32503,33897
60092070,32777,34035
60094648,33097,32692
60097224,33062,32742
60099800,33208,33388
60102378,32684,34338
60104954,33483,34180
60107532,33173,33021
60110108,31943,34347
60112686,33313,33496
60115263,32555,33580
60117838,32802,33719
60120413,33991,33877
60122989,33600,33507
60125568,32702,34164
60128146,33610,34599
60134609,33169,33750
60137186,32604,33546
60139763,32956,33671
60142339,32131,33412
60144915,32687,33480
60147496,33135,33381
60150074,32333,33803
60152652,33457,34566
60155228,33504,34563
60157804,33676,33911
60160382,33803,34450
60162960,33543,32792
60165539,33077,34238
60168116,33809,33772
60170692,34019,34617
60173269,33520,34053
60175847,33401,33943
60178424,33090,33853
60181002,32995,33663
60183579,33148,33522
60186157,33215,33504
60188733,32047,34205
60191309,32950,33981
60197775,32176,33667
60200353,33891,33834
60202929,33487,33797
60205507,33404,33712
60208087,33264,34154
60210665,32228,33610
60213241,33793,34376
60215817,33560,33557
60218395,32896,34288
60220972,33973,34695
60223552,33814,34236
60226129,32764,33026
60228705,33573,33942
60231284,33531,34502
60233861,33044,33919
60236437,32835,34582
60239013,32941,33413
60241592,33704,33999
60244168,31699,33965
60246746,33061,33507
60249322,32606,34700
60251898,33614,34160
60254480,32293,34006
60260915,31842,33948
60263496,33513,34361
60266073,33735,32736
60268650,33863,34659
60271226,33245,34129
60273802,33567,33992
60276382,33257,33589
60278960,33316,33396
60281539,32495,33485
60284115,33057,32916
60286692,33200,33201
60289271,33685,34545
60291848,32246,34595
60294424,33581,34136
60297002,33572,34183
60299578,33264,34045
60302156,33492,33804
60304732,33261,34292
60307309,33609,34708
60309887,32780,34030
60312463,33980,33843
60315040,32951,32540
60317617,32765,34012
60320195,34043,33988
60326622,33771,33834
60329201,33954,34616
60331776,32466,34152
60334354,32664,33477
60336930,33119,33640
60339509,32985,33126
60342087,33688,33444
60344664,34101,33792
60347240,33387,32807
60349817,33333,33796
60352396,33263,33734
60354973,33746,33918
60357552,33575,33617
60360129,33264,34606
60362705,33523,33599
60365284,33171,33571
60367861,32251,33449
60370437,32929,33141
60373013,33231,33803
60375592,33720,33720
60378167,33235,33695
60380745,33694,34088
60383321,32824,32916
60389778,33456,33408
60392356,33276,33652
60394933,33403,34170
60397511,33573,34120
60400087,33809,33752
60402665,33586,33807
60405241,33123,33947
60407817,33338,34328
60410395,33448,34401
60412973,33134,33758
60415552,33843,33779
60418129,33728,34595
60420705,33296,33723
60423283,33989,33668
60425861,33322,34487
60428437,32949,33764
60431014,32432,33651
60433592,33894,33901
60436168,33151,34222
60438746,33238,34202
60441322,33215,33185
60443898,33437,33703
60446480,33282,33586
60452942,31507,33868
60455520,33054,34019
60458099,33355,34307
60460677,33923,32901
60463255,33443,34525
60465832,32944,33458
60468408,33276,34161
60470986,33979,34334
60473566,33124,34596
60476140,33442,34247
60478717,33274,34065
60481296,32957,33882
60483873,33293,34010
60486451,33243,33777
60489027,33921,33597
60491604,33259,34351
60494180,32769,33697
60496757,33479,32278
60499335,33349,33431
60501911,33396,33482
60504492,32826,34102
60507070,33646,32785
60509647,33041,33343
60516023,32496,33559
60518599,33645,33939
60521177,32843,34391
60523753,32810,34538
60526329,32358,33981
60528906,33607,33703
60531483,33533,34470
60534060,33195,33920
60536638,32410,32527
60539214,32921,33824
60541791,32715,33644
60544369,33308,34271
60546946,33197,33440
60549524,33456,33432
60552102,32626,33334
60554677,34045,33098
60557256,33817,34127
60559832,33049,33821
60562409,33849,34221
60564987,33174,33964
60567567,33457,34478
60570144,33378,34017
60572720,33640,33882
60575299,33840,34188
60581600,34057,34084
60584177,33796,33792
60586753,32870,33650
60589329,32911,34529
60591905,33756,33603
60594483,33255,34103
60597061,34034,33213
60599637,32682,33284
60602213,32523,33448
60604791,32907,34539
60607368,33106,33901
60609946,32611,33865
60612524,32923,33268
60615102,33408,34292
60617677,34024,34494
60620255,33187,34040
60622832,33362,33355
60625409,33422,34263
60627987,33733,33986
60630567,32918,32956
60633143,32981,33704
60635719,33831,34522
60638297,33520,34562
60644804,33536,33745
60647382,33220,33488
60649960,34038,33990
60652539,33114,34292
60655116,33685,33456
60657693,34050,34389
60660269,33536,33494
60662847,33314,34325
60665424,33336,33956
60667999,32880,33169
60670578,33607,34001
60673156,33132,33090
60675732,33551,33828
60678307,33632,33874
60680885,33315,34677
60683463,33715,34608
60686040,32086,33038
60688617,32502,33275
60691196,33057,33107
60693775,33100,34082
60696353,33041,33962
60698929,33771,33626
60701507,33139,34517
60707958,33456,33519
60710536,33632,34019
60713112,33538,34188
60715690,31794,34212
60718267,32961,34550
60720844,33890,34034
60723421,33931,34247
60725997,33318,33818
60728579,33587,32601
60731156,32431,33426
60733732,33281,33269
60736308,32581,34265
60738885,33874,34089
60741463,33636,34002
60744040,33468,34094
60746615,32669,34212
60749190,32891,33705
60751768,33681,33427
60754344,33916,33242
60756921,33428,34305
60759499,33569,33896
60762077,33754,33642
60764655,32987,33993
60771147,33725,33896
60773723,33963,34245
60776299,31963,34240
60778875,33589,34528
60781454,32560,34150
60784030,32835,34503
60786605,33387,33903
60789182,34076,33417
60791758,34134,33601
60794335,33806,32320
60796911,33436,33844
60799492,33496,33907
60802070,32977,33290
60804647,33579,34209
60807224,33355,33562
60809800,33400,32825
60812378,33246,33544
60814955,33720,34190
60817533,33137,33982
60820110,33688,33240
60822689,33513,33658
60825266,34027,33945
60827844,33744,33633
60830421,31410,34285
60836909,32861,34352
60839489,33913,34098
60842065,33569,34228
60844641,33602,32487
60847216,32729,33326
60849791,33465,33417
60852369,34044,33800
60854946,33009,34248
60857524,33437,33351
60860103,33614,34004
60862679,33243,33600
60865257,32805,34176
60867834,33174,34056
60870409,33921,34278
60872987,32844,33949
60875567,33415,33408
60878143,32987,34352
60880719,32978,33544
60883297,32922,34210
60885873,32647,33547
60888451,33629,33884
60891027,33687,33114
60893604,33143,33918
60900113,32961,33678
60902691,33637,34194
60905266,32873,33567
60907844,33972,33845
60910421,32948,34272
60912997,33323,34477
60915578,33571,33406
60918156,32832,34329
60920732,33441,34435
60923308,33403,34329
60925887,33851,34026
60928462,33441,34185
